1 88 34 7 1
2 107 22 1 1
3 160 175 3 4
4 160 184 3 4
5 160 168 3 4
6 160 174 3 4
7 160 171 3 4
8 160 171 3 4
9 160 181 3 4
10 160 169 3 4
11 160 191 3 4
12 160 188 3 4
13 160 168 3 4
14 160 148 3 4
15 160 156 3 4
16 160 145 3 4
17 160 180 3 4
18 160 184 3 4
19 160 167 3 4
20 160 180 3 4
21 160 146 3 4
22 160 189 3 4
23 160 159 3 4
24 160 180 3 4
25 160 158 3 4
26 160 189 3 4
27 160 149 3 4
28 160 173 3 4
29 160 191 3 4
30 160 147 3 4
31 160 145 3 4
32 160 191 3 4
33 160 175 3 4
34 160 144 3 4
35 160 143 3 4
36 160 183 3 4
37 160 193 3 4
38 160 179 3 4
39 160 188 3 4
40 160 180 3 4
41 160 175 3 4
42 160 153 3 4
43 160 154 3 4
44 160 158 3 4
45 160 181 3 4
46 160 184 3 4
47 160 182 3 4
48 160 168 3 4
49 160 159 3 4
50 160 165 3 4
51 160 175 3 4
52 160 166 3 4
53 160 174 3 4
54 160 199 3 4
55 160 181 3 4
56 160 145 3 4
57 160 176 3 4
58 160 192 3 4
59 160 197 3 4
60 160 156 3 4
61 160 174 3 4
62 160 192 3 4
63 160 155 3 4
64 160 143 3 4
65 160 147 3 4
66 160 180 3 4
67 160 161 3 4
68 160 175 3 4
69 160 168 3 4
70 160 185 3 4
71 160 199 3 4
72 160 165 3 4
73 160 180 3 4
74 160 192 3 4
75 160 194 3 4
76 160 195 3 4
77 160 171 3 4
78 160 149 3 4
79 160 174 3 4
80 160 175 3 4
81 160 179 3 4
82 171 132 1 2
83 171 132 1 2
84 223 18 1 1
85 251 83 7 2
