0 34 
1 22 
2 175 
3 184 
4 168 
5 174 
6 171 
7 171 
8 181 
9 169 
10 191 
11 188 
12 168 
13 148 
14 156 
15 145 
16 180 
17 184 
18 167 
19 180 
20 146 
21 189 
22 159 
23 180 
24 158 
25 189 
26 149 
27 173 
28 191 
29 147 
30 145 
31 191 
32 175 
33 144 
34 143 
35 183 
36 193 
37 179 
38 188 
39 180 
40 175 
41 153 
42 154 
43 158 
44 181 
45 184 
46 182 
47 168 
48 159 
49 165 
50 175 
51 166 
52 174 
53 199 
54 181 
55 145 
56 176 
57 192 
58 197 
59 156 
60 174 
61 192 
62 155 
63 143 
64 147 
65 180 
66 161 
67 175 
68 168 
69 185 
70 199 
71 165 
72 180 
73 192 
74 194 
75 195 
76 171 
77 149 
78 174 
79 175 
80 179 
81 132 
82 132 
83 18 
84 83 
