0 71 
1 56 
2 132 
3 134 
4 156 
5 1000 
6 171 
7 117 
8 119 
9 78 
10 81 
11 82 
12 91 
13 120 
14 94 
15 109 
16 608 
17 438 
18 502 
19 442 
20 465 
21 621 
22 505 
23 562 
24 461 
25 483 
26 630 
27 463 
28 451 
29 462 
30 442 
31 491 
32 483 
33 466 
34 472 
35 461 
36 492 
37 495 
38 481 
39 492 
40 448 
41 473 
42 609 
43 514 
44 506 
45 545 
46 532 
47 569 
48 715 
49 455 
50 811 
51 482 
52 465 
53 533 
54 470 
55 471 
56 478 
57 564 
58 543 
59 448 
60 451 
61 438 
62 510 
63 482 
64 535 
65 493 
66 475 
67 480 
68 464 
69 471 
70 440 
71 489 
72 575 
73 456 
74 537 
75 448 
76 456 
77 576 
78 674 
79 509 
80 536 
81 496 
82 484 
83 691 
84 443 
85 470 
86 679 
87 512 
88 925 
89 452 
90 501 
91 552 
92 673 
93 473 
94 479 
95 471 
96 453 
97 489 
98 449 
99 829 
100 537 
101 523 
102 515 
103 452 
104 512 
105 515 
106 532 
107 466 
108 510 
109 452 
110 457 
111 506 
112 456 
113 585 
114 516 
115 652 
116 534 
117 511 
118 458 
119 465 
120 515 
121 506 
122 471 
123 529 
124 791 
125 482 
126 496 
127 450 
128 479 
129 508 
130 444 
131 536 
132 484 
133 566 
134 538 
135 547 
136 476 
137 502 
138 440 
139 603 
140 525 
141 560 
142 565 
143 500 
144 535 
145 462 
146 863 
147 151 
148 28 
149 71 
150 74 
151 676 
152 62 
153 60 
154 60 
155 72 
156 70 
157 66 
158 69 
159 67 
160 63 
161 67 
162 28 
163 125 
164 34 
165 113 
166 750 
167 633 
168 632 
169 684 
170 536 
171 530 
172 525 
173 527 
174 529 
175 526 
176 529 
177 425 
178 9936 
179 9907 
180 9906 
181 9921 
182 9906 
183 9919 
184 9908 
185 9930 
186 9924 
187 9915 
188 9918 
189 9920 
190 9925 
191 9907 
192 9935 
193 304 
194 321 
195 324 
196 420 
197 318 
198 342 
199 309 
200 298 
201 302 
202 311 
203 299 
204 297 
205 318 
206 298 
207 384 
208 305 
209 306 
210 300 
211 346 
212 332 
213 301 
214 311 
215 304 
216 302 
217 311 
218 300 
219 300 
220 67 
221 65 
222 220 
223 294 
224 184 
225 190 
226 195 
227 186 
228 199 
229 186 
230 290 
231 203 
232 212 
233 210 
234 197 
235 186 
236 188 
237 189 
238 203 
239 200 
240 188 
241 168 
242 172 
243 238 
244 186 
245 168 
246 161 
247 167 
248 172 
249 161 
250 180 
251 166 
252 197 
253 180 
254 176 
255 175 
256 237 
257 165 
258 191 
259 166 
260 162 
261 165 
262 182 
263 180 
264 167 
265 175 
266 171 
267 164 
268 175 
269 175 
270 172 
271 175 
272 163 
273 171 
274 175 
275 168 
276 175 
277 168 
278 175 
279 158 
280 177 
281 172 
282 176 
283 169 
284 163 
285 39 
286 187 
287 186 
288 164 
289 165 
290 200 
291 158 
292 173 
293 154 
294 154 
295 151 
296 171 
297 152 
298 173 
299 164 
300 155 
301 164 
302 157 
303 200 
304 158 
305 184 
306 192 
307 192 
308 184 
309 187 
310 169 
311 162 
312 168 
313 170 
314 160 
315 192 
316 179 
317 170 
318 172 
319 165 
320 167 
321 176 
322 192 
323 150 
324 186 
325 175 
326 190 
327 165 
328 167 
329 166 
330 191 
331 952 
332 931 
333 725 
334 712 
335 707 
336 245 
337 241 
338 241 
339 253 
340 259 
341 262 
342 249 
343 241 
344 280 
345 344 
346 238 
347 244 
348 244 
349 253 
350 244 
351 293 
352 242 
353 244 
354 254 
355 240 
356 313 
357 252 
358 263 
359 246 
360 151 
361 156 
362 211 
363 209 
364 208 
365 207 
366 63 
367 161 
368 162 
369 179 
370 322 
371 69 
372 53 
373 72 
374 62 
375 311 
376 83 
377 172 
378 169 
379 173 
380 172 
381 171 
382 70 
383 24 
384 5363 
385 5355 
386 5338 
387 5342 
388 5345 
389 5345 
390 5339 
391 170 
392 235 
393 109 
394 116 
395 90 
396 63 
397 246 
398 256 
399 255 
400 290 
401 258 
402 250 
403 256 
404 254 
405 248 
406 297 
407 255 
408 258 
409 300 
410 15 
411 26 
412 225 
413 22 
414 1146 
415 1094 
416 1055 
417 1087 
418 1096 
419 1092 
420 1039 
421 1107 
422 1093 
423 34 
424 181 
425 70 
426 67 
427 70 
428 68 
429 64 
430 70 
431 63 
432 70 
433 98 
434 98 
435 62 
436 62 
437 62 
438 986 
439 548 
440 552 
441 607 
442 623 
443 609 
444 599 
445 640 
446 552 
447 690 
448 642 
449 595 
450 614 
451 578 
452 611 
453 624 
454 561 
455 1365 
456 1002 
457 578 
458 841 
459 812 
460 730 
461 594 
462 651 
463 554 
464 3868 
465 614 
466 886 
467 953 
468 595 
469 726 
470 690 
471 985 
472 576 
473 1138 
474 790 
475 663 
476 911 
477 601 
478 945 
479 816 
480 773 
481 751 
482 719 
483 610 
484 652 
485 1045 
486 696 
487 1019 
488 1009 
489 883 
490 889 
491 888 
492 574 
493 1245 
494 710 
495 1048 
496 623 
497 833 
498 1021 
499 964 
500 578 
501 669 
502 3869 
503 733 
504 610 
505 906 
506 885 
507 994 
508 610 
509 743 
510 1076 
511 786 
512 691 
513 966 
514 744 
515 691 
516 753 
517 667 
518 950 
519 1084 
520 607 
521 745 
522 655 
523 975 
524 741 
525 801 
526 822 
527 825 
528 995 
529 803 
530 1008 
531 574 
532 802 
533 874 
534 1063 
535 1064 
536 1020 
537 782 
538 580 
539 802 
540 783 
541 597 
542 927 
543 587 
544 1106 
545 937 
546 908 
547 798 
548 937 
549 779 
550 682 
551 884 
552 601 
553 897 
554 1002 
555 3873 
556 574 
557 630 
558 565 
559 1009 
560 966 
561 993 
562 655 
563 772 
564 805 
565 543 
566 875 
567 1001 
568 574 
569 3870 
570 87 
571 116 
572 115 
573 115 
574 582 
575 840 
576 865 
577 806 
578 847 
579 1135 
580 817 
581 816 
582 802 
583 805 
584 126 
585 42 
586 8553 
587 179 
588 176 
589 179 
590 177 
591 178 
592 75 
593 75 
594 9068 
595 8842 
596 8824 
597 8767 
598 8902 
599 8836 
600 8786 
601 8910 
602 8891 
603 8790 
604 8767 
605 8800 
606 8782 
607 189 
608 190 
609 190 
610 362 
611 370 
612 357 
613 365 
614 371 
615 365 
616 362 
617 363 
618 229 
619 191 
620 191 
621 8075 
622 260 
623 219 
624 190 
625 186 
626 31 
627 160 
628 1216 
629 1240 
630 1214 
631 1220 
632 1236 
633 1203 
634 1212 
635 1223 
636 1209 
637 1223 
638 1228 
639 1181 
640 1249 
641 1228 
642 1223 
643 1217 
644 1221 
645 1250 
646 1216 
647 1212 
648 153 
649 144 
650 125 
651 106 
652 236 
653 233 
654 236 
655 236 
656 235 
657 232 
658 235 
659 235 
660 57 
661 60 
662 391 
663 26 
664 1170 
665 1232 
666 1220 
667 1239 
668 1212 
669 1215 
670 1211 
671 1201 
672 1197 
673 1212 
674 1223 
675 1198 
676 1203 
677 1212 
678 1220 
679 1192 
680 1235 
681 1224 
682 1198 
683 1204 
684 1174 
685 1229 
686 1200 
687 1178 
688 1224 
689 1190 
690 2373 
691 2381 
692 16079 
693 233 
694 64 
695 37 
696 55 
697 435 
698 547 
699 539 
700 534 
701 492 
702 564 
703 371 
704 371 
705 370 
706 216 
707 214 
708 202 
709 206 
710 214 
711 218 
712 397 
713 418 
714 390 
715 478 
716 643 
717 401 
718 599 
719 385 
720 392 
721 392 
722 405 
723 386 
724 680 
725 410 
726 430 
727 405 
728 708 
729 387 
730 407 
731 399 
732 486 
733 595 
734 400 
735 388 
736 376 
737 405 
738 393 
739 605 
740 393 
741 475 
742 398 
743 388 
744 404 
745 627 
746 617 
747 550 
748 469 
749 392 
750 398 
751 588 
752 850 
753 392 
754 387 
755 488 
756 387 
757 493 
758 455 
759 379 
760 398 
761 479 
762 535 
763 610 
764 488 
765 809 
766 395 
767 533 
768 2598 
769 375 
770 2404 
771 397 
772 464 
773 517 
774 490 
775 398 
776 428 
777 426 
778 521 
779 397 
780 528 
781 587 
782 490 
783 526 
784 409 
785 490 
786 470 
787 441 
788 608 
789 405 
790 395 
791 1951 
792 570 
793 388 
794 410 
795 750 
796 700 
797 395 
798 526 
799 549 
800 395 
801 491 
802 567 
803 546 
804 402 
805 402 
806 489 
807 403 
808 987 
809 750 
810 517 
811 457 
812 399 
813 399 
814 375 
815 526 
816 480 
817 5678 
818 797 
819 472 
820 562 
821 5679 
822 440 
823 702 
824 399 
825 640 
826 472 
827 476 
828 836 
829 1298 
830 582 
831 403 
832 403 
833 637 
834 395 
835 358 
836 355 
837 355 
838 352 
839 351 
840 1964 
841 1866 
842 1894 
843 1842 
844 210 
845 210 
846 206 
847 210 
848 2831 
849 2721 
850 2743 
851 2696 
852 2714 
853 2704 
854 2741 
855 5892 
856 5768 
857 5893 
858 5826 
859 5802 
860 5633 
861 5631 
862 5812 
863 5630 
864 5649 
865 5612 
866 5799 
867 5629 
868 5798 
869 5812 
870 5791 
871 5630 
872 5804 
873 5815 
874 5893 
875 5779 
876 5646 
877 5639 
878 5794 
879 5629 
880 5816 
881 5619 
882 5647 
883 5617 
884 5811 
885 5650 
886 5746 
887 5646 
888 5881 
889 5787 
890 5794 
891 5814 
892 5678 
893 5669 
894 5640 
895 5631 
896 5811 
897 5786 
898 5793 
899 5660 
900 5626 
901 5651 
902 5896 
903 5818 
904 5791 
905 5621 
906 5620 
907 5805 
908 5829 
909 5795 
910 5776 
911 5779 
912 5805 
913 5641 
914 5653 
915 5782 
916 5798 
917 5701 
918 5654 
919 5644 
920 5630 
921 5897 
922 5659 
923 5637 
924 5646 
925 5816 
926 5781 
927 5777 
928 5829 
929 5620 
930 5649 
931 5842 
932 5797 
933 5658 
934 5795 
935 5815 
936 5781 
937 5651 
938 5821 
939 5808 
940 5673 
941 5770 
942 5699 
943 5619 
944 5647 
945 5788 
946 5652 
947 5821 
948 5657 
949 5804 
950 5894 
951 5803 
952 5811 
953 5679 
954 5808 
955 5654 
956 5795 
957 5767 
958 5899 
959 5810 
960 5810 
961 5821 
962 5881 
963 5623 
964 5895 
965 5652 
966 5673 
967 5801 
968 5768 
969 5813 
970 5810 
971 5807 
972 5641 
973 5631 
974 5629 
975 6020 
976 5951 
977 6020 
978 6016 
979 6088 
980 6041 
981 6023 
982 6024 
983 5868 
984 6029 
985 6000 
986 6047 
987 6015 
988 6010 
989 6033 
990 6033 
991 5906 
992 5890 
993 5890 
994 6047 
995 6050 
996 5893 
997 6027 
998 6095 
999 6057 
1000 5896 
1001 5889 
1002 6074 
1003 5955 
1004 6114 
1005 6088 
1006 6084 
1007 6127 
1008 6111 
1009 5974 
1010 6162 
1011 6179 
1012 6229 
1013 6204 
1014 6470 
1015 6356 
1016 6528 
1017 6376 
1018 6541 
1019 6533 
1020 6563 
1021 6361 
1022 6610 
1023 6605 
1024 6378 
1025 6527 
1026 6389 
1027 6644 
1028 6419 
1029 6393 
1030 6384 
1031 6526 
1032 6411 
1033 6394 
1034 6557 
1035 6584 
1036 6522 
1037 6554 
1038 6655 
1039 6533 
1040 6647 
1041 6550 
1042 6494 
1043 6394 
1044 6539 
1045 6562 
1046 6567 
1047 6402 
1048 6584 
1049 6560 
1050 6563 
1051 6561 
1052 6392 
1053 6662 
1054 6420 
1055 6590 
1056 6395 
1057 6451 
1058 6386 
1059 6576 
1060 6464 
1061 6470 
1062 6583 
1063 6589 
1064 6403 
1065 6473 
1066 6600 
1067 6441 
1068 6530 
1069 6850 
1070 6788 
1071 6620 
1072 6771 
1073 6858 
1074 6673 
1075 6876 
1076 6962 
1077 7020 
1078 7261 
1079 7283 
1080 7412 
1081 7408 
1082 7293 
1083 7515 
1084 7301 
1085 7469 
1086 7548 
1087 7464 
1088 7280 
1089 265 
1090 249 
1091 375 
1092 1704 
1093 1111 
1094 1142 
1095 1140 
1096 1745 
1097 260 
1098 666 
1099 4381 
1100 586 
1101 357 
1102 363 
1103 363 
1104 367 
1105 365 
1106 364 
1107 368 
1108 360 
1109 388 
1110 359 
1111 365 
1112 356 
1113 382 
1114 375 
1115 358 
1116 359 
1117 371 
1118 362 
1119 378 
1120 371 
1121 374 
1122 368 
1123 372 
1124 388 
1125 361 
1126 376 
1127 373 
1128 373 
1129 372 
1130 373 
1131 371 
1132 402 
1133 369 
1134 362 
1135 472 
1136 402 
1137 375 
1138 385 
1139 371 
1140 260 
1141 362 
1142 397 
1143 365 
1144 575 
1145 377 
1146 385 
1147 364 
1148 373 
1149 365 
1150 388 
1151 356 
1152 371 
1153 380 
1154 378 
1155 469 
1156 377 
1157 497 
1158 430 
1159 365 
1160 372 
1161 527 
1162 379 
1163 367 
1164 387 
1165 399 
1166 109 
1167 109 
1168 2984 
1169 3580 
1170 2985 
1171 1237 
1172 1512 
1173 3037 
1174 1728 
1175 4959 
1176 1033 
1177 1397 
1178 1391 
1179 1443 
1180 1402 
1181 1435 
1182 1385 
1183 1409 
1184 1391 
1185 1403 
1186 1437 
1187 1413 
1188 1405 
1189 1423 
1190 1457 
1191 1453 
1192 1421 
1193 1411 
1194 1408 
1195 1469 
1196 1471 
1197 1680 
1198 1682 
1199 1699 
1200 15496 
1201 603 
1202 3601 
1203 499 
1204 3463 
1205 376 
1206 467 
1207 380 
1208 382 
1209 380 
1210 479 
1211 379 
1212 530 
1213 249 
1214 377 
1215 420 
1216 389 
1217 390 
1218 395 
1219 382 
1220 406 
1221 381 
1222 382 
1223 403 
1224 533 
1225 404 
1226 482 
1227 386 
1228 382 
1229 381 
1230 387 
1231 384 
1232 457 
1233 405 
1234 275 
1235 383 
1236 514 
1237 559 
1238 407 
1239 386 
1240 407 
1241 402 
1242 387 
1243 464 
1244 388 
1245 417 
1246 386 
1247 443 
1248 392 
1249 440 
1250 570 
1251 385 
1252 404 
1253 404 
1254 396 
1255 291 
1256 293 
1257 101 
1258 97 
1259 92 
1260 99 
1261 103 
1262 113 
1263 116 
1264 100 
1265 114 
1266 99 
1267 107 
1268 114 
1269 129 
1270 163 
1271 174 
1272 180 
1273 196 
1274 187 
1275 183 
1276 180 
1277 207 
1278 197 
1279 184 
1280 185 
1281 183 
1282 194 
1283 191 
1284 205 
1285 187 
1286 200 
1287 201 
1288 208 
1289 222 
1290 213 
1291 223 
1292 202 
1293 203 
1294 204 
1295 201 
1296 213 
1297 218 
1298 239 
1299 220 
1300 224 
1301 236 
1302 254 
1303 278 
1304 285 
1305 302 
1306 274 
1307 277 
1308 288 
1309 292 
1310 294 
1311 289 
1312 294 
1313 291 
1314 285 
1315 293 
1316 314 
1317 320 
1318 316 
1319 320 
1320 309 
1321 312 
1322 316 
1323 533 
1324 442 
1325 453 
1326 528 
1327 459 
1328 451 
1329 457 
1330 437 
1331 450 
1332 443 
1333 430 
1334 455 
1335 456 
1336 439 
1337 443 
1338 451 
1339 334 
1340 333 
1341 346 
1342 339 
1343 344 
1344 347 
1345 349 
1346 346 
1347 354 
1348 363 
1349 401 
1350 405 
1351 409 
1352 376 
1353 381 
1354 397 
1355 438 
1356 408 
1357 408 
1358 410 
1359 411 
1360 415 
1361 413 
1362 416 
1363 417 
1364 422 
1365 422 
1366 461 
1367 423 
1368 465 
1369 435 
1370 441 
1371 443 
1372 444 
1373 448 
1374 486 
1375 452 
1376 511 
1377 489 
1378 486 
1379 522 
1380 501 
1381 503 
1382 505 
1383 1268 
1384 1238 
1385 1267 
1386 1261 
1387 1265 
1388 1285 
1389 1288 
1390 1261 
1391 1300 
1392 1309 
1393 1311 
1394 1318 
1395 1404 
1396 1322 
1397 251 
1398 252 
1399 207 
1400 111 
1401 411 
1402 54 
1403 123 
1404 47 
1405 26 
1406 5471 
1407 5424 
1408 5392 
1409 426 
1410 5553 
1411 1378 
1412 940 
1413 947 
1414 942 
1415 1382 
1416 945 
1417 1128 
1418 948 
1419 982 
1420 962 
1421 948 
1422 962 
1423 1067 
1424 993 
1425 29 
1426 5471 
1427 5467 
1428 4290 
1429 3252 
1430 2990 
1431 3284 
1432 3320 
1433 3429 
1434 3246 
1435 2976 
1436 2966 
1437 2966 
1438 2970 
1439 2991 
1440 2976 
1441 2978 
1442 2970 
1443 2999 
1444 2966 
1445 2971 
1446 2965 
1447 2970 
1448 2968 
1449 2970 
1450 2990 
1451 2969 
1452 2977 
1453 3069 
1454 63 
1455 6370 
1456 2522 
1457 1053 
1458 1046 
1459 1044 
1460 1055 
1461 1141 
1462 1663 
1463 1770 
1464 2535 
1465 2452 
1466 2491 
1467 2454 
1468 2449 
1469 2467 
1470 2465 
1471 2498 
1472 2499 
1473 2470 
1474 2534 
1475 2553 
1476 2525 
1477 2597 
1478 2642 
1479 2624 
1480 2627 
1481 2568 
1482 2569 
1483 2658 
1484 2610 
1485 2590 
1486 2376 
1487 28 
1488 32 
1489 1514 
1490 1499 
1491 1488 
1492 1497 
1493 1496 
1494 1492 
1495 1457 
1496 1488 
1497 1490 
1498 1479 
1499 1507 
1500 1574 
1501 1477 
1502 1552 
1503 1515 
1504 2931 
1505 1530 
1506 1489 
1507 1469 
1508 2944 
1509 1558 
1510 1533 
1511 1500 
1512 1518 
1513 1533 
1514 1818 
1515 1834 
1516 1875 
1517 1887 
1518 1873 
1519 1887 
1520 1897 
1521 1893 
1522 1877 
1523 1907 
1524 1924 
1525 2033 
1526 1933 
1527 1932 
1528 1964 
1529 1942 
1530 1933 
1531 1945 
1532 1946 
1533 1915 
1534 1935 
1535 1945 
1536 432 
1537 618 
1538 908 
1539 688 
1540 689 
1541 702 
1542 692 
1543 695 
1544 701 
1545 713 
1546 928 
1547 779 
1548 788 
1549 778 
1550 779 
1551 422 
1552 296 
1553 342 
1554 364 
1555 388 
1556 393 
1557 395 
1558 461 
1559 180 
1560 180 
1561 247 
1562 253 
1563 188 
1564 187 
1565 198 
1566 199 
1567 202 
1568 200 
1569 214 
1570 214 
1571 2006 
1572 150 
1573 159 
1574 2014 
1575 153 
1576 1972 
1577 2084 
1578 2104 
1579 2088 
1580 184 
1581 163 
1582 164 
1583 538 
1584 635 
1585 493 
1586 485 
1587 332 
1588 431 
1589 580 
1590 428 
1591 466 
1592 517 
1593 723 
1594 549 
1595 562 
1596 635 
1597 681 
1598 934 
1599 1282 
1600 126 
1601 111 
1602 157 
1603 198 
1604 199 
1605 211 
1606 296 
1607 216 
1608 218 
1609 384 
1610 294 
1611 344 
1612 371 
1613 386 
1614 422 
1615 401 
1616 392 
1617 408 
1618 399 
1619 398 
1620 399 
1621 421 
1622 421 
1623 455 
1624 283 
1625 359 
1626 328 
1627 395 
1628 293 
1629 328 
1630 367 
1631 392 
1632 356 
1633 334 
1634 373 
1635 368 
1636 405 
1637 406 
1638 429 
1639 514 
1640 418 
1641 422 
1642 428 
1643 436 
1644 445 
1645 471 
1646 478 
1647 472 
1648 478 
1649 491 
1650 548 
1651 593 
1652 500 
1653 507 
1654 526 
1655 518 
1656 512 
1657 630 
1658 548 
1659 671 
1660 577 
1661 619 
1662 586 
1663 627 
1664 687 
1665 642 
1666 594 
1667 609 
1668 601 
1669 605 
1670 611 
1671 565 
1672 569 
1673 648 
1674 648 
1675 640 
1676 624 
1677 596 
1678 599 
1679 600 
1680 629 
1681 622 
1682 660 
1683 5356 
1684 781 
1685 779 
1686 777 
1687 803 
1688 797 
1689 794 
1690 807 
1691 794 
1692 681 
1693 686 
1694 689 
1695 5202 
1696 690 
1697 694 
1698 690 
1699 662 
1700 746 
1701 868 
1702 687 
1703 732 
1704 710 
1705 712 
1706 712 
1707 715 
1708 736 
1709 729 
1710 699 
1711 716 
1712 706 
1713 710 
1714 712 
1715 720 
1716 741 
1717 757 
1718 751 
1719 771 
1720 731 
1721 763 
1722 780 
1723 1590 
1724 2091 
1725 820 
1726 758 
1727 777 
1728 803 
1729 808 
1730 814 
1731 854 
1732 819 
1733 907 
1734 840 
1735 834 
1736 847 
1737 869 
1738 220 
1739 218 
1740 197 
1741 1290 
1742 1623 
1743 1665 
1744 779 
1745 936 
1746 1576 
1747 800 
1748 895 
1749 854 
1750 916 
1751 977 
1752 1025 
1753 978 
1754 1042 
1755 987 
1756 989 
1757 1002 
1758 8219 
1759 864 
1760 865 
1761 867 
1762 876 
1763 873 
1764 1760 
1765 939 
1766 1799 
1767 884 
1768 929 
1769 886 
1770 2832 
1771 1103 
1772 876 
1773 923 
1774 970 
1775 935 
1776 893 
1777 993 
1778 902 
1779 1023 
1780 980 
1781 921 
1782 908 
1783 967 
1784 916 
1785 934 
1786 1052 
1787 935 
1788 990 
1789 1006 
1790 969 
1791 1675 
1792 466 
1793 464 
1794 466 
1795 479 
1796 470 
1797 485 
1798 485 
1799 317 
1800 307 
1801 201 
1802 158 
1803 161 
1804 1767 
1805 767 
1806 447 
1807 1405 
1808 45 
1809 51 
1810 129 
1811 1030 
1812 1045 
1813 1017 
1814 1076 
1815 1023 
1816 1062 
1817 1055 
1818 1041 
1819 1042 
1820 1061 
1821 1048 
1822 680 
1823 911 
1824 622 
1825 687 
1826 615 
1827 610 
1828 664 
1829 964 
1830 617 
1831 648 
1832 684 
1833 906 
1834 752 
1835 703 
1836 983 
1837 857 
1838 1641 
1839 765 
1840 874 
1841 1028 
1842 1248 
1843 944 
1844 1314 
1845 1160 
1846 1007 
1847 1535 
1848 1067 
1849 1077 
1850 1130 
1851 1564 
1852 1578 
1853 1317 
1854 1286 
1855 2289 
1856 1078 
1857 1101 
1858 1635 
1859 1077 
1860 1809 
1861 1254 
1862 1306 
1863 1076 
1864 1215 
1865 1157 
1866 1176 
1867 1415 
1868 1078 
1869 1270 
1870 1386 
1871 1100 
1872 1429 
1873 1134 
1874 1574 
1875 1415 
1876 1125 
1877 1134 
1878 1130 
1879 1154 
1880 1173 
1881 1580 
1882 1549 
1883 1200 
1884 1575 
1885 2120 
1886 1575 
1887 1166 
1888 1175 
1889 1444 
1890 1172 
1891 1193 
1892 1174 
1893 1219 
1894 1412 
1895 1474 
1896 1289 
1897 1349 
1898 2367 
1899 1369 
1900 1584 
1901 1615 
1902 1247 
1903 1190 
1904 1341 
1905 1229 
1906 1329 
1907 1310 
1908 1422 
1909 1697 
1910 1199 
1911 1308 
1912 1209 
1913 1245 
1914 1644 
1915 1258 
1916 1490 
1917 1511 
1918 5684 
1919 1728 
1920 1370 
1921 1641 
1922 1345 
1923 1343 
1924 1567 
1925 1496 
1926 1333 
1927 1286 
1928 1311 
1929 1461 
1930 1692 
1931 1592 
1932 1806 
1933 1477 
1934 1467 
1935 1484 
1936 1524 
1937 1976 
1938 1825 
1939 1605 
1940 1812 
1941 1602 
1942 1950 
1943 1816 
1944 1854 
1945 1866 
1946 1967 
1947 2260 
1948 1772 
1949 2101 
1950 677 
1951 701 
1952 691 
1953 729 
1954 745 
1955 782 
1956 814 
1957 827 
1958 837 
1959 865 
1960 883 
1961 916 
1962 949 
1963 961 
1964 636 
1965 958 
1966 960 
1967 1019 
1968 999 
1969 1037 
1970 1075 
1971 1148 
1972 1173 
1973 1190 
1974 1225 
1975 1228 
1976 1264 
1977 462 
1978 626 
1979 626 
1980 630 
1981 630 
1982 631 
1983 630 
1984 630 
1985 628 
1986 628 
1987 630 
1988 483 
1989 623 
1990 632 
1991 635 
1992 642 
1993 655 
1994 812 
1995 813 
1996 808 
1997 599 
1998 604 
1999 6026 
2000 863 
2001 912 
2002 5329 
2003 1307 
2004 3926 
2005 3334 
2006 1965 
2007 3752 
2008 3334 
2009 1496 
2010 3681 
2011 2070 
2012 947 
2013 416 
2014 428 
2015 399 
2016 406 
2017 401 
2018 401 
2019 412 
2020 458 
2021 419 
2022 407 
2023 406 
2024 402 
2025 408 
2026 401 
2027 422 
2028 408 
2029 513 
2030 421 
2031 419 
2032 492 
2033 542 
2034 443 
2035 578 
2036 455 
2037 478 
2038 534 
2039 488 
2040 488 
2041 483 
2042 493 
2043 507 
2044 499 
2045 509 
2046 478 
2047 504 
2048 513 
2049 512 
2050 516 
2051 577 
2052 512 
2053 517 
2054 533 
2055 545 
2056 537 
2057 548 
2058 542 
2059 541 
2060 547 
2061 641 
2062 566 
2063 580 
2064 567 
2065 593 
2066 628 
2067 591 
2068 570 
2069 578 
2070 581 
2071 611 
2072 698 
2073 584 
2074 614 
2075 595 
2076 672 
2077 666 
2078 658 
2079 655 
2080 659 
2081 679 
2082 575 
2083 578 
2084 583 
2085 599 
2086 612 
2087 304 
2088 304 
2089 309 
2090 322 
2091 337 
2092 342 
2093 406 
2094 408 
2095 466 
2096 233 
2097 224 
2098 230 
2099 200 
2100 552 
2101 591 
2102 677 
2103 614 
2104 716 
2105 820 
2106 609 
2107 610 
2108 557 
2109 623 
2110 604 
2111 654 
2112 353 
2113 1780 
2114 1789 
2115 391 
2116 379 
2117 397 
2118 386 
2119 237 
2120 390 
2121 395 
2122 276 
2123 406 
2124 404 
2125 404 
2126 404 
2127 413 
2128 403 
2129 386 
2130 485 
2131 287 
2132 418 
2133 414 
2134 248 
2135 430 
2136 442 
2137 444 
2138 450 
2139 441 
2140 468 
2141 464 
2142 475 
2143 475 
2144 477 
2145 484 
2146 323 
2147 503 
2148 508 
2149 514 
2150 517 
2151 501 
2152 481 
2153 516 
2154 476 
2155 521 
2156 520 
2157 516 
2158 522 
2159 523 
2160 471 
2161 526 
2162 532 
2163 575 
2164 526 
2165 531 
2166 531 
2167 534 
2168 534 
2169 543 
2170 592 
2171 536 
2172 585 
2173 319 
2174 326 
2175 255 
2176 265 
2177 275 
2178 193 
2179 372 
2180 330 
2181 324 
2182 328 
2183 176 
2184 115 
2185 188 
2186 28 
2187 70 
2188 24 
2189 3605 
2190 647 
2191 1085 
2192 1087 
2193 1087 
2194 592 
2195 748 
2196 736 
2197 639 
2198 648 
2199 713 
2200 627 
2201 229 
2202 27 
2203 227 
2204 215 
2205 77 
2206 484 
2207 423 
2208 545 
2209 491 
2210 564 
2211 575 
2212 600 
2213 110 
2214 130 
2215 128 
2216 117 
2217 133 
2218 252 
2219 790 
2220 17 
2221 232 
2222 224 
2223 222 
2224 224 
2225 224 
2226 1088 
2227 1412 
2228 1082 
2229 1047 
2230 1081 
2231 1084 
2232 1077 
2233 1175 
2234 1079 
2235 1101 
2236 1058 
2237 1371 
2238 1108 
2239 1026 
2240 1054 
2241 1095 
2242 1096 
2243 25 
2244 55 
2245 179 
2246 33 
2247 50 
2248 63 
2249 61 
2250 125 
2251 1217 
2252 1217 
2253 1399 
2254 1229 
2255 1215 
2256 1494 
2257 1225 
2258 1220 
2259 1217 
2260 1286 
2261 1217 
2262 1220 
2263 1215 
2264 1690 
2265 1216 
2266 1315 
2267 1226 
2268 1225 
2269 1219 
2270 1228 
2271 1216 
2272 1626 
2273 1224 
2274 1216 
2275 1216 
2276 177 
2277 104 
2278 46 
2279 11598 
2280 11598 
2281 11599 
2282 11584 
2283 11591 
2284 11590 
2285 11575 
2286 302 
2287 257 
2288 266 
2289 288 
2290 272 
2291 266 
2292 263 
2293 286 
2294 281 
2295 289 
2296 34 
2297 218 
2298 217 
2299 208 
2300 229 
2301 213 
2302 213 
2303 223 
2304 214 
2305 279 
2306 284 
2307 271 
2308 462 
2309 271 
2310 273 
2311 140 
2312 68 
2313 69 
2314 66 
2315 65 
2316 64 
2317 71 
2318 69 
2319 66 
2320 66 
2321 65 
2322 71 
2323 62 
2324 64 
2325 66 
2326 65 
2327 65 
2328 266 
2329 173 
2330 264 
2331 186 
2332 173 
2333 311 
2334 175 
2335 235 
2336 273 
2337 175 
2338 305 
2339 269 
2340 167 
2341 74 
2342 28 
2343 37 
2344 19 
2345 286 
2346 236 
2347 225 
2348 245 
2349 223 
2350 232 
2351 236 
2352 226 
2353 255 
2354 47 
2355 173 
2356 38 
2357 225 
2358 40 
2359 118 
2360 873 
2361 26 
2362 46 
2363 1309 
2364 1298 
2365 1318 
2366 1313 
2367 1289 
2368 1361 
2369 1000 
2370 1012 
2371 1013 
2372 998 
2373 998 
2374 1002 
2375 1009 
2376 1003 
2377 1002 
2378 998 
2379 1010 
2380 1000 
2381 1021 
2382 996 
2383 1002 
2384 182 
2385 183 
2386 181 
2387 182 
2388 74 
2389 70 
2390 69 
2391 69 
2392 72 
2393 69 
2394 74 
2395 71 
2396 74 
2397 24 
2398 49 
2399 54 
2400 69 
2401 67 
2402 66 
2403 57 
2404 69 
2405 66 
2406 66 
2407 68 
2408 71 
2409 65 
2410 56 
2411 66 
2412 73 
2413 69 
2414 66 
2415 55 
2416 59 
2417 66 
2418 59 
2419 70 
2420 72 
2421 127 
2422 132 
2423 1631 
2424 1628 
2425 112 
2426 235 
2427 195 
2428 213 
2429 194 
2430 202 
2431 193 
2432 206 
2433 175 
2434 242 
2435 195 
2436 363 
2437 212 
2438 315 
2439 18 
2440 46 
2441 231 
2442 181 
2443 228 
2444 109 
2445 164 
2446 132 
2447 191 
2448 115 
2449 130 
2450 121 
2451 112 
2452 119 
2453 166 
2454 125 
2455 73 
2456 91 
2457 82 
2458 119 
2459 78 
2460 75 
2461 85 
2462 73 
2463 124 
2464 75 
2465 74 
2466 119 
2467 73 
2468 73 
2469 120 
2470 164 
2471 74 
2472 132 
2473 124 
2474 115 
2475 91 
2476 71 
2477 223 
2478 73 
2479 97 
2480 84 
2481 115 
2482 123 
2483 105 
2484 70 
2485 68 
2486 83 
2487 72 
2488 73 
2489 83 
2490 74 
2491 71 
2492 70 
2493 73 
2494 89 
2495 95 
2496 80 
2497 101 
2498 122 
2499 74 
2500 217 
2501 72 
2502 74 
2503 95 
2504 28 
2505 34 
2506 166 
2507 164 
2508 156 
2509 159 
2510 161 
2511 96 
2512 162 
2513 154 
2514 134 
2515 64 
2516 140 
2517 153 
2518 143 
2519 166 
2520 178 
2521 145 
2522 185 
2523 218 
2524 132 
2525 193 
2526 226 
2527 232 
2528 223 
2529 234 
2530 260 
2531 305 
2532 277 
2533 249 
2534 274 
2535 262 
2536 323 
2537 267 
2538 333 
2539 259 
2540 330 
2541 302 
2542 308 
2543 323 
2544 321 
2545 313 
2546 367 
2547 351 
2548 322 
2549 359 
2550 376 
2551 405 
2552 386 
2553 442 
2554 402 
2555 432 
2556 390 
2557 392 
2558 455 
2559 450 
2560 405 
2561 407 
2562 417 
2563 498 
2564 459 
2565 493 
2566 439 
2567 424 
2568 519 
2569 469 
2570 554 
2571 537 
2572 628 
2573 462 
2574 472 
2575 530 
2576 541 
2577 528 
2578 570 
2579 566 
2580 575 
2581 544 
2582 576 
2583 538 
2584 555 
2585 532 
2586 588 
2587 596 
2588 566 
2589 582 
2590 608 
2591 583 
2592 646 
2593 600 
2594 605 
2595 626 
2596 611 
2597 608 
2598 636 
2599 638 
2600 663 
2601 639 
2602 693 
2603 669 
2604 672 
2605 673 
2606 728 
2607 742 
2608 702 
2609 644 
2610 1010 
2611 25 
2612 192 
2613 235 
2614 199 
2615 126 
2616 156 
2617 103 
2618 263 
2619 311 
2620 224 
2621 313 
2622 272 
2623 206 
2624 98 
2625 169 
2626 227 
2627 227 
2628 153 
2629 188 
2630 397 
2631 205 
2632 119 
2633 296 
2634 195 
2635 161 
2636 161 
2637 156 
2638 215 
2639 223 
2640 233 
2641 196 
2642 159 
2643 182 
2644 213 
2645 157 
2646 159 
2647 163 
2648 100 
2649 353 
2650 199 
2651 96 
2652 101 
2653 163 
2654 177 
2655 237 
2656 231 
2657 242 
2658 168 
2659 171 
2660 200 
2661 134 
2662 478 
2663 165 
2664 80 
2665 801 
2666 785 
2667 585 
2668 584 
2669 594 
2670 879 
2671 698 
2672 698 
2673 222 
2674 199 
2675 130 
2676 71 
2677 91 
2678 315 
2679 356 
2680 307 
2681 303 
2682 302 
2683 317 
2684 303 
2685 303 
2686 312 
2687 305 
2688 317 
2689 307 
2690 316 
2691 374 
2692 307 
2693 309 
2694 309 
2695 312 
2696 304 
2697 374 
2698 306 
2699 309 
2700 308 
2701 218 
2702 222 
2703 225 
2704 215 
2705 230 
2706 218 
2707 221 
2708 221 
2709 229 
2710 227 
2711 250 
2712 222 
2713 217 
2714 234 
2715 247 
2716 219 
2717 222 
2718 218 
2719 218 
2720 227 
2721 217 
2722 218 
2723 216 
2724 230 
2725 218 
2726 248 
2727 265 
2728 230 
2729 217 
2730 304 
2731 177 
2732 177 
2733 181 
2734 177 
2735 207 
2736 190 
2737 178 
2738 180 
2739 187 
2740 200 
2741 178 
2742 210 
2743 204 
2744 188 
2745 178 
2746 177 
2747 182 
2748 289 
2749 219 
2750 215 
2751 189 
2752 186 
2753 178 
2754 180 
2755 180 
2756 179 
2757 176 
2758 181 
2759 176 
2760 181 
2761 177 
2762 243 
2763 236 
2764 235 
2765 229 
2766 245 
2767 228 
2768 229 
2769 232 
2770 240 
2771 238 
2772 231 
2773 239 
2774 231 
2775 233 
2776 235 
2777 235 
2778 298 
2779 261 
2780 300 
2781 258 
2782 258 
2783 246 
2784 261 
2785 247 
2786 252 
2787 246 
2788 272 
2789 248 
2790 258 
2791 245 
2792 256 
2793 248 
2794 269 
2795 248 
2796 248 
2797 245 
2798 250 
2799 247 
2800 260 
2801 253 
2802 253 
2803 287 
2804 249 
2805 251 
2806 253 
2807 262 
2808 250 
2809 250 
2810 249 
2811 2121 
2812 140 
2813 153 
2814 140 
2815 158 
2816 143 
2817 142 
2818 140 
2819 144 
2820 203 
2821 203 
2822 148 
2823 141 
2824 193 
2825 140 
2826 139 
2827 191 
2828 142 
2829 144 
2830 145 
2831 143 
2832 178 
2833 151 
2834 160 
2835 297 
2836 281 
2837 304 
2838 307 
2839 311 
2840 313 
2841 319 
2842 305 
2843 323 
2844 325 
2845 317 
2846 326 
2847 329 
2848 333 
2849 338 
2850 351 
2851 348 
2852 339 
2853 362 
2854 361 
2855 342 
2856 357 
2857 357 
2858 341 
2859 346 
2860 345 
2861 350 
2862 357 
2863 350 
2864 352 
2865 374 
2866 383 
2867 365 
2868 380 
2869 365 
2870 373 
2871 369 
2872 364 
2873 382 
2874 380 
2875 373 
2876 385 
2877 383 
2878 384 
2879 387 
2880 376 
2881 385 
2882 387 
2883 389 
2884 391 
2885 389 
2886 394 
2887 391 
2888 396 
2889 391 
2890 391 
2891 385 
2892 391 
2893 401 
2894 399 
2895 406 
2896 411 
2897 408 
2898 415 
2899 409 
2900 416 
2901 425 
2902 417 
2903 417 
2904 418 
2905 407 
2906 423 
2907 409 
2908 422 
2909 408 
2910 428 
2911 416 
2912 419 
2913 415 
2914 417 
2915 423 
2916 428 
2917 434 
2918 429 
2919 433 
2920 426 
2921 459 
2922 463 
2923 472 
2924 484 
2925 463 
2926 464 
2927 467 
2928 463 
2929 472 
2930 270 
2931 209 
2932 214 
2933 11537 
2934 11572 
2935 11571 
2936 11570 
2937 11546 
2938 703 
2939 203 
2940 124 
2941 360 
2942 287 
2943 286 
2944 156 
2945 318 
2946 381 
2947 145 
2948 300 
2949 130 
2950 134 
2951 121 
2952 141 
2953 142 
2954 141 
2955 135 
2956 133 
2957 132 
2958 144 
2959 1582 
2960 852 
2961 844 
2962 858 
2963 1258 
2964 855 
2965 869 
2966 871 
2967 856 
2968 864 
2969 852 
2970 877 
2971 850 
2972 857 
2973 850 
2974 868 
2975 1210 
2976 858 
2977 854 
2978 845 
2979 868 
2980 851 
2981 864 
2982 870 
2983 868 
2984 846 
2985 866 
2986 862 
2987 856 
2988 844 
2989 1197 
2990 882 
2991 870 
2992 850 
2993 848 
2994 1215 
2995 845 
2996 853 
2997 871 
2998 857 
2999 1192 
3000 859 
3001 858 
3002 858 
3003 861 
3004 850 
3005 860 
3006 876 
3007 846 
3008 869 
3009 974 
3010 860 
3011 849 
3012 848 
3013 858 
3014 862 
3015 860 
3016 857 
3017 851 
3018 861 
3019 1245 
3020 866 
3021 870 
3022 862 
3023 863 
3024 968 
3025 871 
3026 862 
3027 879 
3028 863 
3029 851 
3030 1251 
3031 869 
3032 866 
3033 861 
3034 1249 
3035 863 
3036 878 
3037 857 
3038 883 
3039 872 
3040 862 
3041 870 
3042 882 
3043 863 
3044 857 
3045 882 
3046 861 
3047 861 
3048 871 
3049 862 
3050 864 
3051 868 
3052 1222 
3053 879 
3054 856 
3055 870 
3056 1218 
3057 876 
3058 854 
3059 864 
3060 1248 
3061 1003 
3062 858 
3063 1202 
3064 864 
3065 876 
3066 868 
3067 865 
3068 969 
3069 886 
3070 860 
3071 872 
3072 857 
3073 882 
3074 1303 
3075 1221 
3076 856 
3077 896 
3078 1234 
3079 866 
3080 869 
3081 857 
3082 876 
3083 862 
3084 969 
3085 860 
3086 1232 
3087 866 
3088 860 
3089 884 
3090 1238 
3091 861 
3092 856 
3093 863 
3094 877 
3095 874 
3096 863 
3097 891 
3098 1260 
3099 882 
3100 876 
3101 887 
3102 1235 
3103 871 
3104 867 
3105 894 
3106 871 
3107 874 
3108 884 
3109 887 
3110 1275 
3111 912 
3112 912 
3113 1267 
3114 939 
3115 1209 
3116 934 
3117 1045 
3118 949 
3119 1294 
3120 941 
3121 946 
3122 964 
3123 1057 
3124 953 
3125 963 
3126 1315 
3127 951 
3128 962 
3129 951 
3130 952 
3131 1035 
3132 995 
3133 965 
3134 979 
3135 1000 
3136 991 
3137 1011 
3138 998 
3139 1025 
3140 1001 
3141 1050 
3142 1383 
3143 1031 
3144 1015 
3145 1024 
3146 1375 
3147 1007 
3148 1018 
3149 1015 
3150 1020 
3151 1019 
3152 1021 
3153 1378 
3154 1008 
3155 1024 
3156 1015 
3157 1034 
3158 1029 
3159 1038 
3160 1014 
3161 1023 
3162 1033 
3163 1028 
3164 1018 
3165 1149 
3166 1038 
3167 1038 
3168 1027 
3169 1463 
3170 1034 
3171 1045 
3172 1035 
3173 1043 
3174 1029 
3175 1069 
3176 1066 
3177 1062 
3178 1203 
3179 1064 
3180 1069 
3181 1073 
3182 1067 
3183 1065 
3184 1084 
3185 1097 
3186 1101 
3187 1109 
3188 1114 
3189 1110 
3190 1126 
3191 1125 
3192 1126 
3193 1133 
3194 1134 
3195 1482 
3196 1121 
3197 1106 
3198 1111 
3199 1131 
3200 1129 
3201 1510 
3202 1124 
3203 1118 
3204 1134 
3205 1259 
3206 1616 
3207 1256 
3208 1256 
3209 1326 
3210 1344 
3211 1363 
3212 1344 
3213 1367 
3214 1362 
3215 1730 
3216 1383 
3217 1378 
3218 1414 
3219 1446 
3220 1486 
3221 1845 
3222 1506 
3223 1588 
3224 1604 
3225 1991 
3226 2057 
3227 1662 
3228 1682 
3229 2044 
3230 1661 
3231 1674 
3232 1691 
3233 1669 
3234 382 
3235 10244 
3236 152 
3237 153 
3238 203 
3239 163 
3240 143 
3241 174 
3242 147 
3243 158 
3244 165 
3245 192 
3246 168 
3247 168 
3248 147 
3249 167 
3250 155 
3251 149 
3252 238 
3253 155 
3254 160 
3255 161 
3256 156 
3257 161 
3258 223 
3259 156 
3260 161 
3261 156 
3262 216 
3263 158 
3264 147 
3265 159 
3266 153 
3267 234 
3268 157 
3269 154 
3270 159 
3271 152 
3272 149 
3273 154 
3274 198 
3275 155 
3276 151 
3277 166 
3278 163 
3279 159 
3280 237 
3281 166 
3282 156 
3283 158 
3284 159 
3285 172 
3286 173 
3287 194 
3288 169 
3289 89 
3290 94 
3291 40 
3292 10052 
3293 572 
3294 570 
3295 545 
3296 550 
3297 639 
3298 564 
3299 550 
3300 549 
3301 549 
3302 743 
3303 584 
3304 610 
3305 540 
3306 568 
3307 552 
3308 575 
3309 568 
3310 557 
3311 562 
3312 706 
3313 589 
3314 560 
3315 562 
3316 805 
3317 584 
3318 933 
3319 557 
3320 599 
3321 576 
3322 578 
3323 579 
3324 577 
3325 591 
3326 989 
3327 624 
3328 645 
3329 2701 
3330 848 
3331 581 
3332 578 
3333 577 
3334 698 
3335 646 
3336 890 
3337 630 
3338 663 
3339 584 
3340 581 
3341 589 
3342 942 
3343 1693 
3344 757 
3345 582 
3346 765 
3347 665 
3348 627 
3349 809 
3350 590 
3351 603 
3352 604 
3353 634 
3354 612 
3355 1344 
3356 611 
3357 772 
3358 626 
3359 629 
3360 636 
3361 676 
3362 665 
3363 681 
3364 1041 
3365 706 
3366 682 
3367 709 
3368 809 
3369 708 
3370 716 
3371 705 
3372 1347 
3373 832 
3374 715 
3375 959 
3376 830 
3377 743 
3378 729 
3379 716 
3380 728 
3381 750 
3382 863 
3383 816 
3384 1202 
3385 931 
3386 1966 
3387 736 
3388 759 
3389 731 
3390 743 
3391 4406 
3392 732 
3393 734 
3394 833 
3395 735 
3396 1562 
3397 887 
3398 865 
3399 737 
3400 745 
3401 738 
3402 4415 
3403 760 
3404 2744 
3405 761 
3406 754 
3407 824 
3408 780 
3409 887 
3410 1206 
3411 1044 
3412 868 
3413 751 
3414 815 
3415 899 
3416 893 
3417 879 
3418 796 
3419 939 
3420 746 
3421 999 
3422 935 
3423 922 
3424 1666 
3425 1123 
3426 1142 
3427 1125 
3428 1080 
3429 1387 
3430 1146 
3431 1163 
3432 1296 
3433 1166 
3434 1080 
3435 1236 
3436 1224 
3437 1169 
3438 1163 
3439 49 
3440 172 
3441 161 
3442 163 
3443 163 
3444 25 
3445 25 
3446 49 
3447 94 
3448 72 
3449 69 
3450 97 
3451 106 
3452 72 
3453 187 
3454 93 
3455 104 
3456 64 
3457 93 
3458 112 
3459 85 
3460 74 
3461 167 
3462 78 
3463 77 
3464 74 
3465 63 
3466 66 
3467 67 
3468 67 
3469 75 
3470 87 
3471 66 
3472 90 
3473 85 
3474 80 
3475 95 
3476 85 
3477 123 
3478 75 
3479 97 
3480 76 
3481 135 
3482 98 
3483 193 
3484 77 
3485 96 
3486 67 
3487 102 
3488 68 
3489 69 
3490 170 
3491 76 
3492 79 
3493 97 
3494 77 
3495 95 
3496 92 
3497 105 
3498 93 
3499 104 
3500 99 
3501 120 
3502 128 
3503 116 
3504 120 
3505 139 
3506 133 
3507 136 
3508 132 
3509 134 
3510 134 
3511 151 
3512 166 
3513 211 
3514 151 
3515 60 
3516 860 
3517 866 
3518 873 
3519 1054 
3520 1108 
3521 1128 
3522 1158 
3523 1164 
3524 1162 
3525 1172 
3526 1165 
3527 1173 
3528 1164 
3529 1166 
3530 1169 
3531 1171 
3532 1180 
3533 1172 
3534 1178 
3535 1180 
3536 9754 
3537 9744 
3538 93 
3539 2747 
3540 2754 
3541 2734 
3542 2733 
3543 2755 
3544 2738 
3545 2744 
3546 2746 
3547 2753 
3548 2746 
3549 2747 
3550 9682 
3551 1096 
3552 285 
3553 352 
3554 275 
3555 311 
3556 299 
3557 294 
3558 275 
3559 291 
3560 313 
3561 242 
3562 257 
3563 271 
3564 276 
3565 280 
3566 276 
3567 233 
3568 499 
3569 232 
3570 113 
3571 271 
3572 367 
3573 275 
3574 144 
3575 283 
3576 277 
3577 254 
3578 166 
3579 275 
3580 154 
3581 253 
3582 346 
3583 201 
3584 145 
3585 278 
3586 161 
3587 245 
3588 157 
3589 278 
3590 449 
3591 283 
3592 287 
3593 272 
3594 477 
3595 274 
3596 273 
3597 279 
3598 272 
3599 272 
3600 274 
3601 278 
3602 228 
3603 291 
3604 218 
3605 240 
3606 497 
3607 278 
3608 286 
3609 257 
3610 77 
3611 160 
3612 188 
3613 276 
3614 258 
3615 487 
3616 365 
3617 308 
3618 107 
3619 328 
3620 425 
3621 350 
3622 357 
3623 53 
3624 89 
3625 52 
3626 366 
3627 416 
3628 51 
3629 308 
3630 409 
3631 390 
3632 424 
3633 62 
3634 377 
3635 49 
3636 306 
3637 387 
3638 41 
3639 385 
3640 49 
3641 45 
3642 41 
3643 42 
3644 311 
3645 47 
3646 48 
3647 40 
3648 45 
3649 688 
3650 40 
3651 46 
3652 316 
3653 299 
3654 39 
3655 99 
3656 39 
3657 39 
3658 48 
3659 39 
3660 291 
3661 36 
3662 37 
3663 43 
3664 38 
3665 40 
3666 40 
3667 31 
3668 34 
3669 40 
3670 33 
3671 33 
3672 32 
3673 38 
3674 38 
3675 49 
3676 53 
3677 46 
3678 217 
3679 213 
3680 217 
3681 119 
3682 105 
3683 105 
3684 101 
3685 106 
3686 107 
3687 100 
3688 116 
3689 103 
3690 118 
3691 103 
3692 105 
3693 108 
3694 118 
3695 102 
3696 107 
3697 108 
3698 118 
3699 105 
3700 112 
3701 34 
3702 743 
3703 39 
3704 29 
3705 34 
3706 20 
3707 35 
3708 40 
3709 40 
3710 34 
3711 33 
3712 26 
3713 30 
3714 22 
3715 30 
3716 33 
3717 25 
3718 29 
3719 31 
3720 40 
3721 25 
3722 39 
3723 34 
3724 38 
3725 26 
3726 33 
3727 35 
3728 37 
3729 27 
3730 40 
3731 38 
3732 31 
3733 47 
3734 32 
3735 57 
3736 63 
3737 53 
3738 62 
3739 65 
3740 67 
3741 49 
3742 62 
3743 78 
3744 71 
3745 61 
3746 116 
3747 68 
3748 51 
3749 65 
3750 62 
3751 62 
3752 77 
3753 56 
3754 58 
3755 65 
3756 58 
3757 58 
3758 74 
3759 77 
3760 52 
3761 80 
3762 65 
3763 91 
3764 74 
3765 56 
3766 70 
3767 70 
3768 64 
3769 61 
3770 76 
3771 58 
3772 61 
3773 66 
3774 57 
3775 68 
3776 55 
3777 63 
3778 69 
3779 101 
3780 58 
3781 52 
3782 68 
3783 70 
3784 83 
3785 66 
3786 61 
3787 63 
3788 63 
3789 39 
3790 44 
3791 45 
3792 63 
3793 48 
3794 43 
3795 63 
3796 9084 
3797 97 
3798 20 
3799 41 
3800 153 
3801 152 
3802 151 
3803 152 
3804 152 
3805 152 
3806 257 
3807 25 
3808 9677 
3809 9943 
3810 9915 
3811 9625 
3812 9590 
3813 9564 
3814 9559 
3815 9588 
3816 9472 
3817 9455 
3818 9703 
3819 9651 
3820 9581 
3821 9519 
3822 9486 
3823 9612 
3824 9461 
3825 9590 
3826 9677 
3827 150 
3828 131 
3829 120 
3830 2286 
3831 219 
3832 18 
3833 130 
3834 34 
3835 621 
3836 598 
3837 646 
3838 672 
3839 691 
3840 809 
3841 665 
3842 617 
3843 626 
3844 609 
3845 656 
3846 607 
3847 635 
3848 644 
3849 607 
3850 611 
3851 469 
3852 793 
3853 484 
3854 506 
3855 516 
3856 509 
3857 491 
3858 506 
3859 451 
3860 516 
3861 515 
3862 489 
3863 467 
3864 492 
3865 536 
3866 505 
3867 508 
3868 544 
3869 436 
3870 498 
3871 490 
3872 512 
3873 490 
3874 492 
3875 516 
3876 474 
3877 498 
3878 485 
3879 553 
3880 507 
3881 444 
3882 650 
3883 507 
3884 452 
3885 501 
3886 505 
3887 489 
3888 519 
3889 492 
3890 497 
3891 726 
3892 501 
3893 497 
3894 503 
3895 461 
3896 509 
3897 483 
3898 648 
3899 514 
3900 480 
3901 465 
3902 526 
3903 468 
3904 507 
3905 499 
3906 487 
3907 600 
3908 486 
3909 501 
3910 503 
3911 505 
3912 507 
3913 498 
3914 584 
3915 454 
3916 491 
3917 507 
3918 457 
3919 485 
3920 505 
3921 505 
3922 480 
3923 486 
3924 474 
3925 517 
3926 490 
3927 518 
3928 481 
3929 485 
3930 522 
3931 480 
3932 514 
3933 507 
3934 511 
3935 505 
3936 488 
3937 483 
3938 477 
3939 485 
3940 490 
3941 479 
3942 481 
3943 509 
3944 519 
3945 482 
3946 482 
3947 499 
3948 547 
3949 490 
3950 506 
3951 492 
3952 506 
3953 515 
3954 497 
3955 494 
3956 488 
3957 469 
3958 503 
3959 547 
3960 476 
3961 519 
3962 484 
3963 506 
3964 697 
3965 510 
3966 504 
3967 497 
3968 511 
3969 492 
3970 502 
3971 509 
3972 485 
3973 493 
3974 521 
3975 505 
3976 710 
3977 499 
3978 510 
3979 503 
3980 511 
3981 499 
3982 501 
3983 502 
3984 513 
3985 501 
3986 501 
3987 485 
3988 479 
3989 502 
3990 452 
3991 504 
3992 455 
3993 479 
3994 750 
3995 507 
3996 483 
3997 502 
3998 487 
3999 503 
4000 494 
4001 617 
4002 509 
4003 486 
4004 526 
4005 536 
4006 484 
4007 495 
4008 506 
4009 816 
4010 488 
4011 563 
4012 494 
4013 507 
4014 507 
4015 500 
4016 506 
4017 489 
4018 484 
4019 515 
4020 500 
4021 490 
4022 503 
4023 487 
4024 513 
4025 449 
4026 496 
4027 512 
4028 511 
4029 485 
4030 468 
4031 485 
4032 496 
4033 508 
4034 527 
4035 607 
4036 458 
4037 504 
4038 476 
4039 484 
4040 507 
4041 539 
4042 513 
4043 501 
4044 508 
4045 458 
4046 504 
4047 493 
4048 489 
4049 482 
4050 490 
4051 486 
4052 482 
4053 494 
4054 469 
4055 515 
4056 488 
4057 480 
4058 480 
4059 459 
4060 493 
4061 518 
4062 487 
4063 468 
4064 501 
4065 514 
4066 587 
4067 530 
4068 487 
4069 549 
4070 457 
4071 637 
4072 450 
4073 511 
4074 507 
4075 487 
4076 508 
4077 530 
4078 493 
4079 521 
4080 485 
4081 501 
4082 488 
4083 488 
4084 576 
4085 553 
4086 488 
4087 652 
4088 485 
4089 550 
4090 532 
4091 505 
4092 489 
4093 476 
4094 456 
4095 482 
4096 578 
4097 662 
4098 509 
4099 490 
4100 484 
4101 475 
4102 488 
4103 485 
4104 471 
4105 502 
4106 494 
4107 494 
4108 461 
4109 495 
4110 472 
4111 455 
4112 478 
4113 487 
4114 687 
4115 477 
4116 617 
4117 487 
4118 509 
4119 518 
4120 468 
4121 514 
4122 511 
4123 532 
4124 533 
4125 486 
4126 529 
4127 551 
4128 514 
4129 511 
4130 491 
4131 645 
4132 481 
4133 496 
4134 769 
4135 489 
4136 506 
4137 506 
4138 516 
4139 539 
4140 487 
4141 471 
4142 469 
4143 515 
4144 516 
4145 508 
4146 520 
4147 472 
4148 460 
4149 469 
4150 482 
4151 496 
4152 520 
4153 522 
4154 519 
4155 511 
4156 761 
4157 499 
4158 519 
4159 471 
4160 564 
4161 499 
4162 507 
4163 505 
4164 513 
4165 558 
4166 489 
4167 498 
4168 498 
4169 517 
4170 580 
4171 490 
4172 487 
4173 486 
4174 484 
4175 499 
4176 459 
4177 490 
4178 461 
4179 490 
4180 536 
4181 515 
4182 450 
4183 483 
4184 444 
4185 479 
4186 482 
4187 483 
4188 504 
4189 518 
4190 508 
4191 505 
4192 509 
4193 493 
4194 491 
4195 511 
4196 509 
4197 509 
4198 511 
4199 504 
4200 498 
4201 649 
4202 504 
4203 508 
4204 512 
4205 493 
4206 571 
4207 493 
4208 507 
4209 508 
4210 508 
4211 505 
4212 517 
4213 411 
4214 415 
4215 398 
4216 95 
4217 74 
4218 99 
4219 73 
4220 75 
4221 74 
4222 99 
4223 91 
4224 75 
4225 75 
4226 92 
4227 161 
4228 137 
4229 88 
4230 79 
4231 74 
4232 380 
4233 373 
4234 370 
4235 434 
4236 93 
4237 135 
4238 205 
4239 204 
4240 205 
4241 202 
4242 203 
4243 208 
4244 204 
4245 163 
4246 186 
4247 2023 
4248 63 
4249 70 
4250 70 
4251 64 
4252 64 
4253 63 
4254 70 
4255 71 
4256 68 
4257 65 
4258 63 
4259 68 
4260 64 
4261 66 
4262 65 
4263 68 
4264 66 
4265 65 
4266 65 
4267 68 
4268 69 
4269 62 
4270 67 
4271 63 
4272 69 
4273 66 
4274 61 
4275 64 
4276 68 
4277 64 
4278 68 
4279 63 
4280 69 
4281 65 
4282 66 
4283 67 
4284 69 
4285 1879 
4286 1874 
4287 1891 
4288 1875 
4289 257 
4290 31 
4291 747 
4292 222 
4293 200 
4294 366 
4295 440 
4296 2267 
4297 2209 
4298 2225 
4299 2261 
4300 2223 
4301 2221 
4302 2217 
4303 2264 
4304 2206 
4305 2212 
4306 2209 
4307 2223 
4308 2225 
4309 2225 
4310 2170 
4311 318 
4312 330 
4313 329 
4314 309 
4315 332 
4316 316 
4317 312 
4318 313 
4319 308 
4320 309 
4321 328 
4322 323 
4323 309 
4324 308 
4325 313 
4326 322 
4327 346 
4328 342 
4329 332 
4330 312 
4331 305 
4332 296 
4333 301 
4334 401 
4335 319 
4336 322 
4337 420 
4338 306 
4339 323 
4340 289 
4341 300 
4342 287 
4343 293 
4344 299 
4345 348 
4346 307 
4347 313 
4348 320 
4349 317 
4350 380 
4351 292 
4352 311 
4353 301 
4354 294 
4355 292 
4356 349 
4357 287 
4358 293 
4359 313 
4360 314 
4361 420 
4362 317 
4363 389 
4364 308 
4365 306 
4366 313 
4367 305 
4368 28 
4369 26 
4370 7369 
4371 3558 
4372 3529 
4373 3529 
4374 3541 
4375 3536 
4376 3535 
4377 3564 
4378 3546 
4379 3539 
4380 3527 
4381 3531 
4382 3558 
4383 3529 
4384 3555 
4385 3527 
4386 3528 
4387 3527 
4388 3533 
4389 3528 
4390 21 
4391 745 
4392 768 
4393 757 
4394 1531 
4395 754 
4396 764 
4397 755 
4398 817 
4399 1381 
4400 810 
4401 842 
4402 1139 
4403 743 
4404 756 
4405 751 
4406 875 
4407 745 
4408 1215 
4409 758 
4410 853 
4411 759 
4412 767 
4413 760 
4414 810 
4415 779 
4416 1102 
4417 753 
4418 805 
4419 781 
4420 775 
4421 766 
4422 752 
4423 788 
4424 808 
4425 751 
4426 1131 
4427 755 
4428 1040 
4429 1492 
4430 782 
4431 758 
4432 756 
4433 3165 
4434 1154 
4435 914 
4436 873 
4437 869 
4438 943 
4439 766 
4440 1806 
4441 822 
4442 771 
4443 817 
4444 791 
4445 1234 
4446 773 
4447 1049 
4448 931 
4449 811 
4450 779 
4451 1025 
4452 3164 
4453 777 
4454 783 
4455 3163 
4456 1014 
4457 775 
4458 760 
4459 927 
4460 869 
4461 832 
4462 868 
4463 757 
4464 843 
4465 787 
4466 824 
4467 807 
4468 778 
4469 791 
4470 847 
4471 1803 
4472 1143 
4473 1020 
4474 780 
4475 764 
4476 832 
4477 1224 
4478 787 
4479 789 
4480 783 
4481 1014 
4482 760 
4483 790 
4484 1758 
4485 776 
4486 772 
4487 795 
4488 765 
4489 812 
4490 842 
4491 846 
4492 953 
4493 895 
4494 899 
4495 803 
4496 1087 
4497 779 
4498 790 
4499 824 
4500 101 
4501 99 
4502 122 
4503 139 
4504 134 
4505 108 
4506 106 
4507 123 
4508 109 
4509 108 
4510 113 
4511 110 
4512 115 
4513 114 
4514 106 
4515 141 
4516 125 
4517 129 
4518 135 
4519 139 
4520 139 
4521 129 
4522 125 
4523 139 
4524 115 
4525 111 
4526 128 
4527 138 
4528 137 
4529 140 
4530 140 
4531 109 
4532 108 
4533 113 
4534 138 
4535 138 
4536 137 
4537 141 
4538 135 
4539 138 
4540 134 
4541 138 
4542 113 
4543 113 
4544 124 
4545 129 
4546 134 
4547 112 
4548 105 
4549 114 
4550 128 
4551 127 
4552 140 
4553 181 
4554 175 
4555 171 
4556 170 
4557 174 
4558 173 
4559 170 
4560 169 
4561 167 
4562 175 
4563 174 
4564 175 
4565 196 
4566 168 
4567 171 
4568 170 
4569 170 
4570 179 
4571 170 
4572 167 
4573 168 
4574 163 
4575 169 
4576 171 
4577 170 
4578 174 
4579 169 
4580 170 
4581 169 
4582 174 
4583 170 
4584 172 
4585 170 
4586 182 
4587 168 
4588 168 
4589 160 
4590 170 
4591 184 
4592 161 
4593 170 
4594 197 
4595 170 
4596 171 
4597 171 
4598 171 
4599 169 
4600 172 
4601 167 
4602 79 
4603 46 
4604 38 
4605 31 
4606 3219 
4607 6964 
4608 7038 
4609 7003 
4610 6902 
4611 6892 
4612 7112 
4613 7050 
4614 6989 
4615 7045 
4616 6994 
4617 6883 
4618 7104 
4619 7003 
4620 7000 
4621 7111 
4622 7036 
4623 7059 
4624 7002 
4625 6995 
4626 7105 
4627 7022 
4628 7168 
4629 6990 
4630 7035 
4631 7023 
4632 7028 
4633 6903 
4634 7049 
4635 6997 
4636 7020 
4637 7034 
4638 6954 
4639 6942 
4640 7009 
4641 6905 
4642 7024 
4643 7043 
4644 7020 
4645 7022 
4646 6893 
4647 7109 
4648 7046 
4649 7047 
4650 7112 
4651 7139 
4652 7104 
4653 7113 
4654 7161 
4655 7042 
4656 7049 
4657 6894 
4658 6984 
4659 7006 
4660 7031 
4661 6893 
4662 7032 
4663 7026 
4664 7113 
4665 7031 
4666 6882 
4667 7013 
4668 7013 
4669 6965 
4670 7049 
4671 6889 
4672 7049 
4673 7012 
4674 6993 
4675 7036 
4676 7010 
4677 6916 
4678 7135 
4679 6993 
4680 6973 
4681 7039 
4682 7032 
4683 7025 
4684 7150 
4685 7011 
4686 6887 
4687 6904 
4688 7143 
4689 6992 
4690 7000 
4691 6990 
4692 7035 
4693 6905 
4694 6904 
4695 6996 
4696 6902 
4697 7110 
4698 7139 
4699 6882 
4700 6985 
4701 6984 
4702 7030 
4703 7045 
4704 6896 
4705 6919 
4706 7001 
4707 7030 
4708 7061 
4709 6965 
4710 7056 
4711 7049 
4712 6885 
4713 7046 
4714 6955 
4715 6993 
4716 7025 
4717 7131 
4718 6962 
4719 6935 
4720 7016 
4721 7071 
4722 7027 
4723 7155 
4724 6994 
4725 7172 
4726 7061 
4727 7015 
4728 7020 
4729 7111 
4730 6995 
4731 7054 
4732 6990 
4733 7095 
4734 7132 
4735 7021 
4736 7001 
4737 7090 
4738 7038 
4739 6996 
4740 7007 
4741 7105 
4742 6994 
4743 6993 
4744 7020 
4745 6892 
4746 7023 
4747 6912 
4748 7115 
4749 7025 
4750 6887 
4751 7092 
4752 7038 
4753 7111 
4754 7027 
4755 6979 
4756 7027 
4757 7010 
4758 6980 
4759 7077 
4760 7032 
4761 7106 
4762 7007 
4763 6994 
4764 7046 
4765 7023 
4766 7033 
4767 7133 
4768 7045 
4769 6996 
4770 7084 
4771 7012 
4772 6995 
4773 7054 
4774 7014 
4775 7037 
4776 6926 
4777 7012 
4778 6995 
4779 7156 
4780 7004 
4781 7049 
4782 7027 
4783 7051 
4784 7048 
4785 7171 
4786 7046 
4787 6942 
4788 6997 
4789 7002 
4790 7105 
4791 6995 
4792 7134 
4793 7053 
4794 6888 
4795 7127 
4796 7005 
4797 6976 
4798 7054 
4799 7007 
4800 7065 
4801 6941 
4802 7170 
4803 7040 
4804 6971 
4805 7144 
4806 7176 
4807 6946 
4808 7082 
4809 7220 
4810 7132 
4811 7054 
4812 7178 
4813 6959 
4814 7180 
4815 7035 
4816 7057 
4817 7066 
4818 7032 
4819 7160 
4820 7040 
4821 7060 
4822 7101 
4823 7085 
4824 7105 
4825 6985 
4826 7128 
4827 7051 
4828 297 
4829 287 
4830 287 
4831 288 
4832 284 
4833 287 
4834 244 
4835 358 
4836 7136 
4837 282 
4838 261 
4839 281 
4840 260 
4841 260 
4842 266 
4843 268 
4844 267 
4845 300 
4846 263 
4847 291 
4848 279 
4849 276 
4850 265 
4851 277 
4852 3971 
4853 2889 
4854 3959 
4855 5037 
4856 5085 
4857 6118 
4858 6152 
4859 9784 
4860 9770 
4861 9769 
4862 9785 
4863 141 
4864 578 
4865 69 
4866 127 
4867 97 
4868 104 
4869 1958 
4870 1962 
4871 1958 
4872 1963 
4873 1957 
4874 1980 
4875 1980 
4876 1958 
4877 1962 
4878 1981 
4879 1959 
4880 1962 
4881 1968 
4882 1960 
4883 1969 
4884 1980 
4885 1969 
4886 1957 
4887 1957 
4888 1959 
4889 1968 
4890 1963 
4891 1979 
4892 1980 
4893 1956 
4894 1970 
4895 1961 
4896 1967 
4897 1962 
4898 1960 
4899 1959 
4900 1957 
4901 1963 
4902 1961 
4903 1959 
4904 1962 
4905 1963 
4906 1974 
4907 1972 
4908 1957 
4909 1959 
4910 1957 
4911 1958 
4912 1961 
4913 1960 
4914 1957 
4915 1961 
4916 1961 
4917 1962 
4918 1968 
4919 33 
4920 37 
4921 389 
4922 352 
4923 625 
4924 669 
4925 638 
4926 636 
4927 650 
4928 619 
4929 619 
4930 624 
4931 621 
4932 623 
4933 620 
4934 638 
4935 624 
4936 620 
4937 636 
4938 664 
4939 657 
4940 628 
4941 638 
4942 642 
4943 619 
4944 646 
4945 641 
4946 648 
4947 619 
4948 619 
4949 617 
4950 621 
4951 638 
4952 623 
4953 630 
4954 661 
4955 623 
4956 630 
4957 619 
4958 648 
4959 634 
4960 623 
4961 620 
4962 621 
4963 642 
4964 624 
4965 621 
4966 637 
4967 655 
4968 621 
4969 635 
4970 621 
4971 629 
4972 650 
4973 620 
4974 621 
4975 639 
4976 637 
4977 626 
4978 658 
4979 630 
4980 644 
4981 665 
4982 644 
4983 624 
4984 620 
4985 643 
4986 626 
4987 663 
4988 624 
4989 620 
4990 634 
4991 621 
4992 626 
4993 638 
4994 622 
4995 648 
4996 611 
4997 623 
4998 619 
4999 627 
5000 630 
5001 639 
5002 629 
5003 620 
5004 648 
5005 624 
5006 653 
5007 634 
5008 653 
5009 620 
5010 619 
5011 635 
5012 619 
5013 643 
5014 638 
5015 621 
5016 643 
5017 654 
5018 627 
5019 663 
5020 619 
5021 620 
5022 644 
5023 636 
5024 656 
5025 664 
5026 637 
5027 625 
5028 631 
5029 621 
5030 620 
5031 626 
5032 623 
5033 619 
5034 639 
5035 631 
5036 622 
5037 626 
5038 656 
5039 649 
5040 624 
5041 621 
5042 626 
5043 670 
5044 655 
5045 625 
5046 621 
5047 644 
5048 625 
5049 637 
5050 622 
5051 682 
5052 670 
5053 666 
5054 705 
5055 710 
5056 686 
5057 711 
5058 755 
5059 747 
5060 957 
5061 966 
5062 961 
5063 980 
5064 980 
5065 994 
5066 966 
5067 982 
5068 991 
5069 966 
5070 970 
5071 967 
5072 986 
5073 1022 
5074 985 
5075 1008 
5076 990 
5077 978 
5078 996 
5079 996 
5080 992 
5081 999 
5082 983 
5083 989 
5084 1004 
5085 989 
5086 1003 
5087 1006 
5088 996 
5089 990 
5090 1009 
5091 1012 
5092 996 
5093 1012 
5094 996 
5095 1001 
5096 1005 
5097 1031 
5098 1000 
5099 1017 
5100 1026 
5101 1037 
5102 1031 
5103 1016 
5104 1020 
5105 1020 
5106 1040 
5107 1041 
5108 1024 
5109 1029 
5110 1033 
5111 1044 
5112 1041 
5113 1059 
5114 1069 
5115 1051 
5116 1061 
5117 1108 
5118 1172 
5119 1184 
5120 1238 
5121 1234 
5122 1254 
5123 1235 
5124 1252 
5125 1254 
5126 1236 
5127 1240 
5128 1238 
5129 1238 
5130 1272 
5131 1244 
5132 1242 
5133 1229 
5134 1249 
5135 1237 
5136 1243 
5137 1255 
5138 1231 
5139 1256 
5140 1264 
5141 1254 
5142 1244 
5143 1241 
5144 1263 
5145 1240 
5146 1243 
5147 1256 
5148 1256 
5149 1266 
5150 1256 
5151 1228 
5152 1265 
5153 1282 
5154 1256 
5155 1229 
5156 1245 
5157 1262 
5158 1246 
5159 1273 
5160 1245 
5161 1265 
5162 1252 
5163 1255 
5164 1266 
5165 1248 
5166 1274 
5167 1256 
5168 1276 
5169 1252 
5170 1246 
5171 1261 
5172 1249 
5173 1258 
5174 1258 
5175 1261 
5176 1246 
5177 1263 
5178 1247 
5179 1258 
5180 1246 
5181 1293 
5182 1248 
5183 1245 
5184 1256 
5185 1250 
5186 1263 
5187 1250 
5188 1250 
5189 1253 
5190 1255 
5191 1265 
5192 1262 
5193 1249 
5194 1291 
5195 1252 
5196 1298 
5197 1267 
5198 1248 
5199 376 
5200 376 
5201 344 
5202 385 
5203 359 
5204 685 
5205 414 
5206 340 
5207 411 
5208 339 
5209 402 
5210 199 
5211 419 
5212 458 
5213 457 
5214 365 
5215 500 
5216 429 
5217 433 
5218 446 
5219 455 
5220 482 
5221 533 
5222 425 
5223 507 
5224 443 
5225 449 
5226 432 
5227 448 
5228 559 
5229 443 
5230 575 
5231 436 
5232 446 
5233 455 
5234 1452 
5235 445 
5236 453 
5237 480 
5238 465 
5239 424 
5240 471 
5241 437 
5242 460 
5243 459 
5244 453 
5245 671 
5246 454 
5247 441 
5248 436 
5249 439 
5250 450 
5251 336 
5252 433 
5253 447 
5254 439 
5255 448 
5256 442 
5257 439 
5258 515 
5259 465 
5260 432 
5261 469 
5262 493 
5263 489 
5264 381 
5265 453 
5266 453 
5267 457 
5268 400 
5269 224 
5270 251 
5271 248 
5272 268 
5273 259 
5274 304 
5275 256 
5276 253 
5277 257 
5278 256 
5279 259 
5280 247 
5281 247 
5282 140 
5283 119 
5284 117 
5285 121 
5286 122 
5287 121 
5288 76 
5289 44 
5290 194 
5291 195 
5292 194 
5293 81 
5294 212 
5295 73 
5296 70 
5297 71 
5298 73 
5299 110 
5300 95 
5301 32 
5302 91 
5303 66 
5304 30 
5305 935 
5306 946 
5307 676 
5308 681 
5309 707 
5310 488 
5311 496 
5312 487 
5313 22 
5314 104 
5315 20 
5316 335 
5317 282 
5318 5177 
5319 69 
5320 72 
5321 74 
5322 5908 
5323 159 
5324 66 
5325 4808 
5326 4839 
5327 4775 
5328 4794 
5329 4841 
5330 4868 
5331 4773 
5332 5000 
5333 4795 
5334 4799 
5335 4768 
5336 4829 
5337 20 
5338 197 
5339 268 
5340 109 
5341 192 
5342 941 
5343 926 
5344 929 
5345 922 
5346 943 
5347 926 
5348 919 
5349 937 
5350 948 
5351 913 
5352 919 
5353 914 
5354 919 
5355 916 
5356 919 
5357 920 
5358 945 
5359 950 
5360 985 
5361 913 
5362 946 
5363 917 
5364 1037 
5365 943 
5366 1053 
5367 920 
5368 917 
5369 945 
5370 928 
5371 951 
5372 944 
5373 913 
5374 921 
5375 1029 
5376 933 
5377 927 
5378 969 
5379 920 
5380 1023 
5381 941 
5382 926 
5383 1008 
5384 914 
5385 920 
5386 923 
5387 926 
5388 933 
5389 1057 
5390 929 
5391 949 
5392 940 
5393 926 
5394 1009 
5395 957 
5396 918 
5397 952 
5398 941 
5399 929 
5400 934 
5401 927 
5402 918 
5403 1010 
5404 925 
5405 928 
5406 914 
5407 950 
5408 928 
5409 940 
5410 926 
5411 927 
5412 926 
5413 916 
5414 928 
5415 915 
5416 948 
5417 922 
5418 942 
5419 925 
5420 1089 
5421 925 
5422 918 
5423 930 
5424 917 
5425 914 
5426 917 
5427 927 
5428 929 
5429 916 
5430 928 
5431 920 
5432 932 
5433 945 
5434 919 
5435 917 
5436 945 
5437 916 
5438 949 
5439 946 
5440 946 
5441 915 
5442 917 
5443 946 
5444 922 
5445 948 
5446 923 
5447 928 
5448 930 
5449 920 
5450 976 
5451 917 
5452 923 
5453 919 
5454 950 
5455 935 
5456 928 
5457 541 
5458 68 
5459 55 
5460 203 
5461 25 
5462 27 
5463 35 
5464 24 
5465 36 
5466 25 
5467 38 
5468 20 
5469 20 
5470 22 
5471 31 
5472 25 
5473 30 
5474 35 
5475 37 
5476 36 
5477 28 
5478 30 
5479 36 
5480 51 
5481 48 
5482 67 
5483 60 
5484 55 
5485 60 
5486 63 
5487 53 
5488 55 
5489 67 
5490 60 
5491 59 
5492 69 
5493 63 
5494 61 
5495 64 
5496 59 
5497 123 
5498 126 
5499 105 
5500 120 
5501 123 
5502 143 
5503 141 
5504 146 
5505 133 
5506 135 
5507 123 
5508 144 
5509 146 
5510 118 
5511 145 
5512 143 
5513 143 
5514 143 
5515 145 
5516 147 
5517 132 
5518 172 
5519 153 
5520 185 
5521 196 
5522 200 
5523 219 
5524 214 
5525 204 
5526 202 
5527 211 
5528 209 
5529 192 
5530 222 
5531 244 
5532 223 
5533 221 
5534 223 
5535 224 
5536 227 
5537 225 
5538 255 
5539 220 
5540 235 
5541 210 
5542 242 
5543 222 
5544 224 
5545 225 
5546 232 
5547 243 
5548 256 
5549 254 
5550 283 
5551 249 
5552 336 
5553 277 
5554 267 
5555 279 
5556 95 
5557 95 
5558 95 
5559 96 
5560 98 
5561 98 
5562 96 
5563 111 
5564 112 
5565 96 
5566 99 
5567 99 
5568 96 
5569 99 
5570 96 
5571 93 
5572 116 
5573 104 
5574 96 
5575 108 
5576 98 
5577 144 
5578 94 
5579 587 
5580 26 
5581 94 
5582 76 
5583 50 
5584 5259 
5585 27 
5586 37 
5587 29 
5588 58 
5589 52 
5590 54 
5591 54 
5592 58 
5593 57 
5594 58 
5595 55 
5596 56 
5597 52 
5598 58 
5599 54 
5600 52 
5601 25 
5602 24 
5603 76 
5604 73 
5605 233 
5606 187 
5607 229 
5608 110 
5609 163 
5610 118 
5611 189 
5612 71 
5613 116 
5614 116 
5615 116 
5616 72 
5617 126 
5618 106 
5619 116 
5620 130 
5621 106 
5622 116 
5623 110 
5624 108 
5625 68 
5626 82 
5627 66 
5628 65 
5629 63 
5630 65 
5631 99 
5632 114 
5633 65 
5634 151 
5635 113 
5636 116 
5637 110 
5638 120 
5639 117 
5640 115 
5641 138 
5642 72 
5643 66 
5644 114 
5645 65 
5646 70 
5647 114 
5648 65 
5649 85 
5650 65 
5651 109 
5652 70 
5653 83 
5654 68 
5655 66 
5656 69 
5657 98 
5658 64 
5659 66 
5660 99 
5661 200 
5662 119 
5663 119 
5664 112 
5665 127 
5666 69 
5667 100 
5668 7445 
5669 7492 
5670 7460 
5671 7469 
5672 7464 
5673 7521 
5674 7465 
5675 7459 
5676 7472 
5677 7461 
5678 7459 
5679 7463 
5680 7436 
5681 7472 
5682 7432 
5683 7470 
5684 7482 
5685 7464 
5686 7459 
5687 7465 
5688 7459 
5689 7464 
5690 7444 
5691 7459 
5692 7468 
5693 7475 
5694 7444 
5695 7472 
5696 7465 
5697 7461 
5698 7466 
5699 7463 
5700 7439 
5701 7483 
5702 7461 
5703 7471 
5704 7475 
5705 7464 
5706 7461 
5707 7472 
5708 308 
5709 179 
5710 123 
5711 276 
5712 74 
5713 209 
5714 2401 
5715 40 
5716 35 
5717 33 
5718 21 
5719 39 
5720 22 
5721 35 
5722 26 
5723 43 
5724 27 
5725 23 
5726 1909 
5727 1954 
5728 2001 
5729 1939 
5730 1902 
5731 1900 
5732 1951 
5733 1975 
5734 2013 
5735 1926 
5736 1929 
5737 1905 
5738 1921 
5739 1922 
5740 1933 
5741 1932 
5742 1911 
5743 1907 
5744 2337 
5745 1921 
5746 2040 
5747 1936 
5748 1917 
5749 1921 
5750 1910 
5751 1918 
5752 1931 
5753 1906 
5754 1960 
5755 1901 
5756 1926 
5757 1958 
5758 1937 
5759 1991 
5760 2016 
5761 2073 
5762 1968 
5763 1929 
5764 1991 
5765 2217 
5766 1906 
5767 1902 
5768 2029 
5769 1944 
5770 1917 
5771 1908 
5772 2339 
5773 1948 
5774 1948 
5775 1942 
5776 1971 
5777 1949 
5778 1995 
5779 1931 
5780 1912 
5781 1921 
5782 1906 
5783 1902 
5784 1906 
5785 1890 
5786 1930 
5787 2091 
5788 1950 
5789 2129 
5790 2225 
5791 1949 
5792 1942 
5793 2342 
5794 1962 
5795 2209 
5796 1950 
5797 1936 
5798 2008 
5799 1929 
5800 1956 
5801 1931 
5802 1906 
5803 1938 
5804 1974 
5805 1967 
5806 1967 
5807 2041 
5808 2035 
5809 2002 
5810 1930 
5811 1956 
5812 1921 
5813 2027 
5814 2284 
5815 1912 
5816 2219 
5817 1987 
5818 1947 
5819 2239 
5820 2071 
5821 1916 
5822 1992 
5823 1960 
5824 2057 
5825 1969 
5826 2093 
5827 1948 
5828 1906 
5829 1930 
5830 1938 
5831 1899 
5832 1979 
5833 1949 
5834 1913 
5835 1952 
5836 1909 
5837 2203 
5838 1942 
5839 1899 
5840 2150 
5841 1969 
5842 1953 
5843 2285 
5844 2340 
5845 1950 
5846 2015 
5847 1979 
5848 1930 
5849 1939 
5850 1905 
5851 1949 
5852 2343 
5853 2342 
5854 2131 
5855 1965 
5856 1973 
5857 1993 
5858 1962 
5859 1994 
5860 1938 
5861 1963 
5862 248 
5863 234 
5864 127 
5865 250 
5866 236 
5867 258 
5868 127 
5869 66 
5870 110 
5871 113 
5872 111 
5873 85 
5874 91 
5875 94 
5876 87 
5877 83 
5878 88 
5879 105 
5880 88 
5881 94 
5882 95 
5883 107 
5884 95 
5885 90 
5886 83 
5887 88 
5888 87 
5889 107 
5890 96 
5891 95 
5892 46 
5893 178 
5894 186 
5895 182 
5896 152 
5897 97 
5898 112 
5899 124 
5900 143 
5901 143 
5902 104 
5903 134 
5904 114 
5905 185 
5906 111 
5907 205 
5908 62 
5909 140 
5910 110 
5911 62 
5912 61 
5913 71 
5914 85 
5915 65 
5916 69 
5917 73 
5918 63 
5919 65 
5920 71 
5921 76 
5922 76 
5923 83 
5924 107 
5925 261 
5926 112 
5927 70 
5928 105 
5929 107 
5930 107 
5931 107 
5932 255 
5933 85 
5934 259 
5935 82 
5936 71 
5937 60 
5938 60 
5939 65 
5940 64 
5941 72 
5942 72 
5943 66 
5944 67 
5945 75 
5946 56 
5947 67 
5948 77 
5949 159 
5950 123 
5951 22 
5952 229 
5953 23 
5954 764 
5955 761 
5956 755 
5957 765 
5958 746 
5959 764 
5960 769 
5961 760 
5962 768 
5963 759 
5964 763 
5965 755 
5966 760 
5967 60 
5968 634 
5969 374 
5970 215 
5971 215 
5972 215 
5973 215 
5974 74 
5975 73 
5976 86 
5977 106 
5978 103 
5979 81 
5980 95 
5981 82 
5982 82 
5983 81 
5984 120 
5985 83 
5986 76 
5987 119 
5988 104 
5989 83 
5990 87 
5991 84 
5992 98 
5993 80 
5994 84 
5995 94 
5996 77 
5997 120 
5998 94 
5999 24 
6000 175 
6001 173 
6002 175 
6003 179 
6004 174 
6005 90 
6006 89 
6007 664 
6008 90 
6009 3365 
6010 3358 
6011 3365 
6012 3363 
6013 3366 
6014 3370 
6015 3377 
6016 3381 
6017 3383 
6018 3392 
6019 3362 
6020 61 
6021 63 
6022 72 
6023 64 
6024 69 
6025 63 
6026 74 
6027 60 
6028 74 
6029 60 
6030 62 
6031 71 
6032 63 
6033 69 
6034 3392 
6035 3422 
6036 3445 
6037 3446 
6038 3454 
6039 3484 
6040 3502 
6041 3674 
6042 3672 
6043 3580 
6044 3576 
6045 3591 
6046 3587 
6047 3592 
6048 3603 
6049 3615 
6050 3633 
6051 3620 
6052 3471 
6053 3472 
6054 197 
6055 202 
6056 199 
6057 220 
6058 199 
6059 249 
6060 3758 
6061 3762 
6062 160 
6063 1289 
6064 3734 
6065 91 
6066 89 
6067 117 
6068 58 
6069 77 
6070 81 
6071 56 
6072 57 
6073 78 
6074 73 
6075 72 
6076 87 
6077 62 
6078 60 
6079 73 
6080 60 
6081 89 
6082 62 
6083 73 
6084 57 
6085 56 
6086 62 
6087 78 
6088 67 
6089 58 
6090 68 
6091 62 
6092 69 
6093 98 
6094 68 
6095 70 
6096 80 
6097 77 
6098 101 
6099 101 
6100 60 
6101 78 
6102 76 
6103 67 
6104 73 
6105 76 
6106 57 
6107 70 
6108 56 
6109 62 
6110 59 
6111 60 
6112 80 
6113 79 
6114 99 
6115 99 
6116 3461 
6117 3459 
6118 3470 
6119 3472 
6120 754 
6121 686 
6122 611 
6123 626 
6124 158 
6125 175 
6126 234 
6127 216 
6128 200 
6129 197 
6130 240 
6131 197 
6132 201 
6133 233 
6134 3528 
6135 260 
6136 273 
6137 574 
6138 71 
6139 106 
6140 74 
6141 99 
6142 82 
6143 3582 
6144 3581 
6145 3582 
6146 3674 
6147 3729 
6148 1317 
6149 400 
6150 3290 
6151 3295 
6152 3316 
6153 3316 
6154 3322 
6155 3325 
6156 3333 
6157 3414 
6158 3422 
6159 3420 
6160 3423 
6161 3439 
6162 3454 
6163 3458 
6164 3460 
6165 523 
6166 3395 
6167 3404 
6168 3417 
6169 3403 
6170 3405 
6171 3409 
6172 3420 
6173 3422 
6174 3414 
6175 3432 
6176 3441 
6177 3528 
6178 3428 
6179 3436 
6180 3670 
6181 1705 
6182 1771 
6183 1702 
6184 2023 
6185 1701 
6186 1787 
6187 1713 
6188 1975 
6189 1702 
6190 1986 
6191 1720 
6192 1877 
6193 1709 
6194 1789 
6195 2035 
6196 1715 
6197 1765 
6198 1715 
6199 2010 
6200 1740 
6201 1925 
6202 1781 
6203 2125 
6204 1752 
6205 1772 
6206 1763 
6207 2098 
6208 2215 
6209 1940 
6210 2066 
6211 1946 
6212 1976 
6213 2368 
6214 2350 
6215 2043 
6216 2043 
6217 1963 
6218 1963 
6219 2349 
6220 2061 
6221 2222 
6222 1990 
6223 2026 
6224 2241 
6225 1963 
6226 2118 
6227 1995 
6228 2098 
6229 2144 
6230 2442 
6231 2099 
6232 2316 
6233 2105 
6234 2163 
6235 2387 
6236 2393 
6237 2383 
6238 2594 
6239 2442 
6240 2211 
6241 2256 
6242 2873 
6243 2873 
6244 2868 
6245 2774 
6246 3050 
6247 3250 
6248 2802 
6249 2886 
6250 2866 
6251 2924 
6252 2956 
6253 2826 
6254 3250 
6255 2979 
6256 2828 
6257 2807 
6258 2805 
6259 3253 
6260 2829 
6261 3082 
6262 3201 
6263 3090 
6264 3041 
6265 3192 
6266 2811 
6267 3069 
6268 3177 
6269 2897 
6270 2911 
6271 2828 
6272 2788 
6273 2964 
6274 2789 
6275 2959 
6276 2828 
6277 3062 
6278 2856 
6279 3138 
6280 3035 
6281 2831 
6282 2962 
6283 2861 
6284 2941 
6285 2989 
6286 3031 
6287 3590 
6288 3587 
6289 3593 
6290 3641 
6291 3645 
6292 3658 
6293 3676 
6294 3679 
6295 5797 
6296 1096 
6297 1100 
6298 1108 
6299 1095 
6300 1095 
6301 1098 
6302 1106 
6303 1096 
6304 1106 
6305 1099 
6306 1101 
6307 1104 
6308 1102 
6309 1107 
6310 1101 
6311 1108 
6312 1108 
6313 1103 
6314 1101 
6315 1100 
6316 1106 
6317 1106 
6318 1109 
6319 1102 
6320 3526 
6321 2865 
6322 2925 
6323 2928 
6324 3010 
6325 1021 
6326 2676 
6327 2683 
6328 2669 
6329 2698 
6330 2786 
6331 2909 
6332 2766 
6333 2666 
6334 3119 
6335 2738 
6336 2674 
6337 2854 
6338 2764 
6339 2740 
6340 2779 
6341 2850 
6342 3374 
6343 2668 
6344 2675 
6345 2728 
6346 2718 
6347 2692 
6348 3257 
6349 2693 
6350 2737 
6351 2739 
6352 2774 
6353 2887 
6354 2719 
6355 2709 
6356 2700 
6357 2815 
6358 2919 
6359 2737 
6360 2688 
6361 2722 
6362 2851 
6363 3060 
6364 3095 
6365 2698 
6366 2736 
6367 3065 
6368 2730 
6369 2827 
6370 3323 
6371 2890 
6372 2853 
6373 3386 
6374 2817 
6375 3720 
6376 3070 
6377 3578 
6378 3122 
6379 3149 
6380 3259 
6381 3079 
6382 3110 
6383 3727 
6384 3231 
6385 3089 
6386 3189 
6387 3239 
6388 3272 
6389 3791 
6390 3317 
6391 3264 
6392 3606 
6393 3297 
6394 3427 
6395 3322 
6396 3550 
6397 3370 
6398 3581 
6399 3398 
6400 3472 
6401 3710 
6402 3596 
6403 3640 
6404 3519 
6405 3522 
6406 4136 
6407 3955 
6408 3626 
6409 3580 
6410 3821 
6411 3658 
6412 3653 
6413 3851 
6414 3661 
6415 4525 
6416 3664 
6417 4526 
6418 3836 
6419 3768 
6420 3830 
6421 3758 
6422 4277 
6423 3901 
6424 3833 
6425 3900 
6426 3856 
6427 4009 
6428 4056 
6429 3895 
6430 3923 
6431 4209 
6432 4063 
6433 2138 
6434 3689 
6435 4183 
6436 2942 
6437 2466 
6438 2230 
6439 3321 
6440 3311 
6441 3492 
6442 2585 
6443 4729 
6444 4624 
6445 6073 
6446 6147 
6447 5917 
6448 7831 
6449 7009 
6450 5940 
6451 6121 
6452 5990 
6453 5878 
6454 8285 
6455 6405 
6456 7331 
6457 6543 
6458 7050 
6459 8528 
6460 7371 
6461 7375 
6462 6927 
6463 8165 
6464 8048 
6465 7224 
6466 7649 
6467 7460 
6468 7638 
6469 7923 
6470 7286 
6471 7774 
6472 7120 
6473 6999 
6474 7402 
6475 6900 
6476 6973 
6477 7090 
6478 6777 
6479 8021 
6480 7733 
6481 7680 
6482 7592 
6483 8222 
6484 7814 
6485 7321 
6486 8867 
6487 7773 
6488 6977 
6489 8871 
6490 7418 
6491 8782 
6492 8925 
6493 8214 
6494 8094 
6495 8150 
6496 7618 
6497 8227 
6498 8061 
6499 7343 
6500 7794 
6501 7619 
6502 2928 
6503 6467 
6504 2877 
6505 2997 
6506 2995 
6507 2913 
6508 2916 
6509 3002 
6510 2913 
6511 2912 
6512 2942 
6513 2916 
6514 2928 
6515 3000 
6516 2915 
6517 2935 
6518 2936 
6519 2921 
6520 2915 
6521 2926 
6522 2917 
6523 2945 
6524 2925 
6525 2928 
6526 2931 
6527 2920 
6528 2919 
6529 2943 
6530 2917 
6531 2923 
6532 2933 
6533 2922 
6534 2954 
6535 2940 
6536 3001 
6537 2945 
6538 2940 
6539 2933 
6540 3179 
6541 3172 
6542 3098 
6543 3218 
6544 3228 
6545 2791 
6546 2895 
6547 2848 
6548 2826 
6549 3072 
6550 3581 
6551 3084 
6552 3772 
6553 3776 
6554 3794 
6555 3795 
6556 2775 
6557 2783 
6558 2789 
6559 2799 
6560 2794 
6561 2787 
6562 2783 
6563 2790 
6564 2794 
6565 2796 
6566 2790 
6567 2790 
6568 2792 
6569 2793 
6570 2798 
6571 2794 
6572 2786 
6573 6294 
6574 6500 
6575 6906 
6576 6852 
6577 5970 
6578 7109 
6579 6794 
6580 6934 
6581 6916 
6582 7202 
6583 6860 
6584 3894 
6585 6744 
6586 2974 
6587 2984 
6588 2989 
6589 2987 
6590 2991 
6591 8160 
6592 7093 
6593 6887 
6594 7003 
6595 6793 
6596 6892 
6597 5502 
6598 2984 
6599 3038 
6600 2948 
6601 2931 
6602 3028 
6603 3025 
6604 3020 
6605 3026 
6606 3019 
6607 3044 
6608 2840 
6609 2820 
6610 2819 
6611 2822 
6612 2822 
6613 2826 
6614 2824 
6615 2847 
6616 2828 
6617 2852 
6618 2871 
6619 2823 
6620 2837 
6621 2824 
6622 2839 
6623 2829 
6624 2826 
6625 2825 
6626 2852 
6627 2849 
6628 2829 
6629 2830 
6630 2845 
6631 2829 
6632 2832 
6633 2839 
6634 2830 
6635 2832 
6636 2867 
6637 2836 
6638 2831 
6639 2836 
6640 3006 
6641 3034 
6642 3015 
6643 3313 
6644 3001 
6645 3024 
6646 2826 
6647 2827 
6648 2827 
6649 2825 
6650 2824 
6651 2826 
6652 2823 
6653 2823 
6654 2825 
6655 2827 
6656 2830 
6657 3985 
6658 3997 
6659 3991 
6660 2967 
6661 2821 
6662 4267 
6663 2902 
6664 2903 
6665 2800 
6666 2674 
6667 3029 
6668 3034 
6669 2820 
6670 2825 
6671 2821 
6672 2825 
6673 2673 
6674 2926 
6675 3007 
6676 3014 
6677 3015 
6678 2640 
6679 3137 
6680 2971 
6681 2984 
6682 3037 
6683 3041 
6684 2740 
6685 2719 
6686 2699 
6687 2720 
6688 2743 
6689 2728 
6690 2710 
6691 2748 
6692 2829 
6693 2747 
6694 2796 
6695 2786 
6696 2749 
6697 2653 
6698 2647 
6699 2653 
6700 2709 
6701 2650 
6702 2731 
6703 2853 
6704 2647 
6705 2662 
6706 2725 
6707 2727 
6708 2658 
6709 2656 
6710 2768 
6711 2695 
6712 2760 
6713 2715 
6714 2655 
6715 2736 
6716 2806 
6717 2768 
6718 2649 
6719 2663 
6720 2655 
6721 2664 
6722 2697 
6723 2663 
6724 2667 
6725 2660 
6726 2747 
6727 2658 
6728 2656 
6729 2672 
6730 2747 
6731 2766 
6732 2670 
6733 2790 
6734 2740 
6735 2761 
6736 2794 
6737 2944 
6738 2787 
6739 2787 
6740 2830 
6741 3076 
6742 3078 
6743 3746 
6744 3744 
6745 2627 
6746 2633 
6747 2637 
6748 2653 
6749 2638 
6750 2650 
6751 2659 
6752 2684 
6753 2653 
6754 2699 
6755 2575 
6756 2788 
6757 2777 
6758 2811 
6759 2816 
6760 2798 
6761 2797 
6762 2819 
6763 2783 
6764 2788 
6765 2786 
6766 2840 
6767 2997 
6768 2798 
6769 2686 
6770 2794 
6771 2732 
6772 2799 
6773 2806 
6774 2805 
6775 2794 
6776 2793 
6777 2791 
6778 2815 
6779 2822 
6780 2807 
6781 2809 
6782 2884 
6783 2801 
6784 2802 
6785 2758 
6786 2807 
6787 2811 
6788 2774 
6789 2810 
6790 2799 
6791 2803 
6792 2822 
6793 2821 
6794 2854 
6795 2806 
6796 2802 
6797 2800 
6798 2841 
6799 2801 
6800 2836 
6801 3022 
6802 3021 
6803 3021 
6804 2770 
6805 2664 
6806 2617 
6807 2711 
6808 2707 
6809 2592 
6810 2696 
6811 2636 
6812 2634 
6813 2647 
6814 2705 
6815 2462 
6816 2640 
6817 2615 
6818 2639 
6819 2431 
6820 3574 
6821 2385 
6822 2372 
6823 2379 
6824 2580 
6825 2623 
6826 2628 
6827 2247 
6828 2787 
6829 2226 
6830 2670 
6831 2668 
6832 2673 
6833 2669 
6834 2590 
6835 3110 
6836 2516 
6837 2835 
6838 2829 
6839 2827 
6840 2836 
6841 2827 
6842 2880 
6843 2426 
6844 2424 
6845 2431 
6846 2426 
6847 2450 
6848 2452 
6849 2449 
6850 2429 
6851 2430 
6852 2427 
6853 2450 
6854 2441 
6855 2433 
6856 2562 
6857 2444 
6858 2432 
6859 2440 
6860 2431 
6861 2430 
6862 2553 
6863 2433 
6864 2431 
6865 2589 
6866 2432 
6867 2435 
6868 2433 
6869 2447 
6870 2434 
6871 2493 
6872 2446 
6873 2459 
6874 2455 
6875 2422 
6876 2434 
6877 2434 
6878 2424 
6879 2433 
6880 2443 
6881 2423 
6882 2423 
6883 2435 
6884 2445 
6885 2444 
6886 2431 
6887 2450 
6888 2444 
6889 2449 
6890 2465 
6891 2466 
6892 2463 
6893 2462 
6894 2470 
6895 2458 
6896 2460 
6897 2462 
6898 2466 
6899 2482 
6900 2547 
6901 2555 
6902 2553 
6903 2562 
6904 2562 
6905 2571 
6906 2559 
6907 2559 
6908 2575 
6909 2576 
6910 2571 
6911 2578 
6912 2576 
6913 2583 
6914 2577 
6915 2594 
6916 2596 
6917 2498 
6918 2518 
6919 2571 
6920 2497 
6921 2518 
6922 2579 
6923 2496 
6924 2545 
6925 2499 
6926 2519 
6927 2504 
6928 2505 
6929 2504 
6930 2502 
6931 2512 
6932 2517 
6933 2307 
6934 2596 
6935 2573 
6936 2565 
6937 2564 
6938 2556 
6939 2559 
6940 2599 
6941 2562 
6942 2562 
6943 2572 
6944 2575 
6945 2575 
6946 2560 
6947 2571 
6948 2568 
6949 2570 
6950 2560 
6951 2606 
6952 2570 
6953 2568 
6954 2640 
6955 2628 
6956 2690 
6957 2632 
6958 2625 
6959 2636 
6960 2626 
6961 2634 
6962 2632 
6963 2652 
6964 2629 
6965 2638 
6966 2651 
6967 2629 
6968 2631 
6969 2630 
6970 2438 
6971 2486 
6972 2487 
6973 2487 
6974 2487 
6975 2486 
6976 2499 
6977 2494 
6978 2492 
6979 2484 
6980 2505 
6981 2490 
6982 2490 
6983 2523 
6984 2508 
6985 2499 
6986 2502 
6987 2512 
6988 2534 
6989 2528 
6990 2575 
6991 2536 
6992 2828 
6993 2720 
6994 2794 
6995 2828 
6996 2843 
6997 3913 
6998 2147 
6999 3196 
7000 2155 
7001 2156 
7002 2404 
7003 2498 
7004 2413 
7005 2215 
7006 2461 
7007 2882 
7008 2288 
7009 2297 
7010 2083 
7011 2170 
7012 2269 
7013 2111 
7014 2174 
7015 2273 
7016 3430 
7017 3414 
7018 3415 
7019 3399 
7020 3447 
7021 3398 
7022 3447 
7023 3553 
7024 3401 
7025 3455 
7026 3520 
7027 2445 
7028 2115 
7029 3298 
7030 3277 
7031 3325 
7032 3262 
7033 3308 
7034 3292 
7035 3622 
7036 3411 
7037 3249 
7038 3344 
7039 1996 
7040 1987 
7041 1991 
7042 1994 
7043 1992 
7044 2023 
7045 1932 
7046 2082 
7047 1847 
7048 3897 
7049 3877 
7050 3793 
7051 3940 
7052 3832 
7053 4069 
7054 3925 
7055 3849 
7056 3912 
7057 3950 
7058 3923 
7059 2372 
7060 1816 
7061 2138 
7062 2097 
7063 2350 
7064 1745 
7065 1750 
7066 1749 
7067 1734 
7068 1732 
7069 1783 
7070 1743 
7071 1742 
7072 1758 
7073 1759 
7074 1745 
7075 1748 
7076 1746 
7077 1756 
7078 1747 
7079 1756 
7080 1745 
7081 1761 
7082 1754 
7083 1766 
7084 1756 
7085 1757 
7086 1763 
7087 1771 
7088 1759 
7089 1759 
7090 1757 
7091 1752 
7092 1766 
7093 1769 
7094 1768 
7095 1779 
7096 1761 
7097 1764 
7098 1781 
7099 1770 
7100 1779 
7101 1778 
7102 1777 
7103 1876 
7104 1896 
7105 1854 
7106 1888 
7107 1880 
7108 1833 
7109 1892 
7110 1871 
7111 1858 
7112 1858 
7113 1881 
7114 1892 
7115 1889 
7116 1817 
7117 1871 
7118 1875 
7119 1893 
7120 1877 
7121 1893 
7122 1907 
7123 1869 
7124 1900 
7125 1824 
7126 1886 
7127 1831 
7128 1904 
7129 1908 
7130 1901 
7131 1885 
7132 1913 
7133 1882 
7134 1904 
7135 1888 
7136 1900 
7137 1884 
7138 1890 
7139 1886 
7140 1893 
7141 1896 
7142 1890 
7143 1824 
7144 1808 
7145 1804 
7146 1833 
7147 1812 
7148 1820 
7149 1823 
7150 1809 
7151 1814 
7152 1811 
7153 1811 
7154 1828 
7155 1838 
7156 1814 
7157 1820 
7158 1831 
7159 1846 
7160 1825 
7161 1829 
7162 1848 
7163 1869 
7164 1871 
7165 1859 
7166 1876 
7167 1861 
7168 1871 
7169 1853 
7170 1882 
7171 1881 
7172 1874 
7173 2339 
7174 1900 
7175 1903 
7176 1739 
7177 1724 
7178 2027 
7179 1816 
7180 1840 
7181 1839 
7182 1839 
7183 1712 
7184 1717 
7185 1841 
7186 1837 
7187 1624 
7188 1614 
7189 1584 
7190 1572 
7191 1560 
7192 1583 
7193 1577 
7194 1572 
7195 1593 
7196 1590 
7197 1582 
7198 1576 
7199 1573 
7200 1591 
7201 1561 
7202 1584 
7203 1582 
7204 1571 
7205 1583 
7206 1579 
7207 1575 
7208 1570 
7209 1576 
7210 1570 
7211 1576 
7212 1572 
7213 1568 
7214 1591 
7215 1575 
7216 1585 
7217 1583 
7218 1571 
7219 1568 
7220 1571 
7221 1559 
7222 1572 
7223 1577 
7224 1577 
7225 1576 
7226 1910 
7227 2252 
7228 2230 
7229 1532 
7230 1627 
7231 1500 
7232 1456 
7233 1632 
7234 1880 
7235 1624 
7236 3096 
7237 1436 
7238 1831 
7239 2231 
7240 2258 
7241 2234 
7242 2231 
7243 2264 
7244 2485 
7245 2248 
7246 2477 
7247 2413 
7248 2236 
7249 2489 
7250 2620 
7251 2375 
7252 2415 
7253 2459 
7254 2233 
7255 2262 
7256 2250 
7257 2243 
7258 2421 
7259 2494 
7260 2594 
7261 2548 
7262 2593 
7263 2460 
7264 2495 
7265 2255 
7266 2490 
7267 2473 
7268 2234 
7269 2233 
7270 2472 
7271 2310 
7272 2460 
7273 2487 
7274 2892 
7275 2454 
7276 2636 
7277 2557 
7278 2328 
7279 2353 
7280 2496 
7281 2307 
7282 2253 
7283 2492 
7284 2487 
7285 2329 
7286 2312 
7287 2655 
7288 2655 
7289 2334 
7290 2275 
7291 2332 
7292 2451 
7293 2310 
7294 2340 
7295 2312 
7296 2608 
7297 2406 
7298 2515 
7299 2818 
7300 2493 
7301 2491 
7302 2696 
7303 2349 
7304 2258 
7305 2368 
7306 2496 
7307 2262 
7308 2495 
7309 2377 
7310 2625 
7311 2280 
7312 2393 
7313 2314 
7314 2539 
7315 2556 
7316 2315 
7317 2439 
7318 2568 
7319 2345 
7320 2515 
7321 2339 
7322 2327 
7323 2340 
7324 2587 
7325 2371 
7326 2270 
7327 2509 
7328 2509 
7329 2411 
7330 2357 
7331 2446 
7332 2279 
7333 2637 
7334 2452 
7335 2451 
7336 2476 
7337 2533 
7338 2477 
7339 2496 
7340 1446 
7341 1744 
7342 1522 
7343 1543 
7344 1525 
7345 1547 
7346 1496 
7347 1526 
7348 1533 
7349 1531 
7350 1489 
7351 1547 
7352 1515 
7353 1497 
7354 1531 
7355 1519 
7356 1555 
7357 1528 
7358 1432 
7359 1433 
7360 1722 
7361 1530 
7362 1438 
7363 1549 
7364 1516 
7365 1423 
7366 1517 
7367 1529 
7368 1519 
7369 1519 
7370 1520 
7371 1520 
7372 1529 
7373 1444 
7374 1532 
7375 1536 
7376 1430 
7377 1509 
7378 1551 
7379 1514 
7380 1542 
7381 1609 
7382 1507 
7383 1507 
7384 1531 
7385 1536 
7386 1581 
7387 1540 
7388 1564 
7389 1542 
7390 1635 
7391 1539 
7392 1609 
7393 1546 
7394 1532 
7395 1451 
7396 1454 
7397 1456 
7398 1456 
7399 1455 
7400 1456 
7401 1376 
7402 1456 
7403 1470 
7404 1467 
7405 1460 
7406 1466 
7407 1467 
7408 1466 
7409 1464 
7410 1465 
7411 1474 
7412 1454 
7413 1469 
7414 1467 
7415 1515 
7416 1510 
7417 1435 
7418 1479 
7419 1478 
7420 1471 
7421 1473 
7422 1455 
7423 1471 
7424 1426 
7425 1425 
7426 1467 
7427 1475 
7428 1481 
7429 1459 
7430 1447 
7431 1433 
7432 1428 
7433 1464 
7434 1439 
7435 1432 
7436 1431 
7437 1430 
7438 1445 
7439 1445 
7440 1462 
7441 1479 
7442 1477 
7443 1464 
7444 1473 
7445 1434 
7446 1478 
7447 1479 
7448 1466 
7449 1486 
7450 1450 
7451 1426 
7452 1442 
7453 1430 
7454 1441 
7455 1483 
7456 1440 
7457 1431 
7458 1463 
7459 1443 
7460 1442 
7461 1474 
7462 1505 
7463 1484 
7464 1494 
7465 1474 
7466 1495 
7467 1521 
7468 1471 
7469 1505 
7470 1435 
7471 1483 
7472 1656 
7473 1631 
7474 1594 
7475 1688 
7476 1648 
7477 1618 
7478 1547 
7479 1414 
7480 1418 
7481 1511 
7482 1425 
7483 1353 
7484 1570 
7485 1574 
7486 1358 
7487 1357 
7488 1360 
7489 1360 
7490 1359 
7491 1362 
7492 1359 
7493 1363 
7494 1362 
7495 1539 
7496 1546 
7497 1545 
7498 1543 
7499 1546 
7500 1540 
7501 1549 
7502 1546 
7503 1553 
7504 1546 
7505 1550 
7506 1545 
7507 1546 
7508 1549 
7509 1546 
7510 1269 
7511 1332 
7512 1300 
7513 1366 
7514 1351 
7515 1312 
7516 1323 
7517 1323 
7518 1397 
7519 1356 
7520 1326 
7521 1398 
7522 1328 
7523 1349 
7524 1362 
7525 1371 
7526 1349 
7527 1381 
7528 1365 
7529 1371 
7530 1325 
7531 1370 
7532 1388 
7533 1378 
7534 1376 
7535 1387 
7536 1375 
7537 1358 
7538 1362 
7539 1389 
7540 1408 
7541 1395 
7542 1473 
7543 1380 
7544 1381 
7545 1384 
7546 1378 
7547 1405 
7548 1423 
7549 1398 
7550 1413 
7551 1386 
7552 1391 
7553 1387 
7554 1405 
7555 1429 
7556 1365 
7557 1401 
7558 1390 
7559 1406 
7560 1422 
7561 1442 
7562 1381 
7563 1400 
7564 1408 
7565 1408 
7566 1392 
7567 1395 
7568 1372 
7569 1403 
7570 1411 
7571 1416 
7572 1416 
7573 1423 
7574 1389 
7575 1424 
7576 1399 
7577 1430 
7578 1394 
7579 1425 
7580 1462 
7581 1402 
7582 1404 
7583 1420 
7584 1423 
7585 1425 
7586 1435 
7587 1434 
7588 1425 
7589 1422 
7590 1435 
7591 1416 
7592 1443 
7593 1454 
7594 1446 
7595 1443 
7596 1457 
7597 1442 
7598 1449 
7599 1452 
7600 1472 
7601 1441 
7602 1480 
7603 1430 
7604 1514 
7605 1490 
7606 1467 
7607 1463 
7608 1458 
7609 1520 
7610 1503 
7611 1488 
7612 1492 
7613 1495 
7614 1499 
7615 1505 
7616 1494 
7617 1494 
7618 1524 
7619 1463 
7620 1312 
7621 1346 
7622 1327 
7623 1337 
7624 1312 
7625 1312 
7626 1315 
7627 1318 
7628 1326 
7629 1356 
7630 1339 
7631 1319 
7632 1313 
7633 1324 
7634 1323 
7635 1315 
7636 1320 
7637 1325 
7638 1317 
7639 1355 
7640 1336 
7641 1407 
7642 1382 
7643 1326 
7644 1380 
7645 1315 
7646 1317 
7647 1331 
7648 1315 
7649 1332 
7650 1330 
7651 1351 
7652 1328 
7653 1339 
7654 1323 
7655 1319 
7656 1320 
7657 1332 
7658 1318 
7659 1321 
7660 1339 
7661 1411 
7662 1443 
7663 1453 
7664 1341 
7665 1441 
7666 1343 
7667 1428 
7668 1348 
7669 1322 
7670 1321 
7671 1354 
7672 1319 
7673 1333 
7674 1355 
7675 1359 
7676 1357 
7677 1359 
7678 1359 
7679 1361 
7680 1285 
7681 1291 
7682 2174 
7683 1972 
7684 1969 
7685 1979 
7686 1970 
7687 2003 
7688 2066 
7689 1973 
7690 1974 
7691 1976 
7692 1972 
7693 1975 
7694 1976 
7695 1977 
7696 1992 
7697 1971 
7698 1976 
7699 1976 
7700 2059 
7701 1974 
7702 1977 
7703 1972 
7704 1395 
7705 1307 
7706 1178 
7707 1246 
7708 1260 
7709 1259 
7710 1248 
7711 1250 
7712 1244 
7713 1248 
7714 1192 
7715 2362 
7716 1171 
7717 1170 
7718 1157 
7719 1162 
7720 1170 
7721 1164 
7722 1170 
7723 1168 
7724 1168 
7725 1182 
7726 1170 
7727 1175 
7728 1185 
7729 1184 
7730 1183 
7731 1171 
7732 1179 
7733 1180 
7734 1168 
7735 1173 
7736 1172 
7737 1183 
7738 1187 
7739 1177 
7740 1178 
7741 1188 
7742 1181 
7743 1195 
7744 1197 
7745 1184 
7746 1189 
7747 1199 
7748 1187 
7749 1195 
7750 1198 
7751 1182 
7752 1182 
7753 1188 
7754 1189 
7755 1196 
7756 1205 
7757 1188 
7758 1195 
7759 1192 
7760 1230 
7761 1199 
7762 1195 
7763 1207 
7764 1201 
7765 1194 
7766 1191 
7767 1203 
7768 1205 
7769 1195 
7770 1205 
7771 1200 
7772 1199 
7773 1196 
7774 1191 
7775 1204 
7776 1213 
7777 1200 
7778 1280 
7779 1260 
7780 1215 
7781 1234 
7782 1203 
7783 1198 
7784 1204 
7785 1219 
7786 1214 
7787 1217 
7788 1213 
7789 1213 
7790 1215 
7791 1225 
7792 1220 
7793 1219 
7794 1220 
7795 1201 
7796 1221 
7797 1211 
7798 1213 
7799 1214 
7800 1212 
7801 1218 
7802 1304 
7803 1221 
7804 1224 
7805 1233 
7806 1230 
7807 1300 
7808 1211 
7809 1307 
7810 1219 
7811 1215 
7812 1226 
7813 1215 
7814 1236 
7815 1230 
7816 1235 
7817 1229 
7818 1220 
7819 1222 
7820 1231 
7821 1229 
7822 1225 
7823 1226 
7824 1230 
7825 1365 
7826 1363 
7827 1358 
7828 1356 
7829 1347 
7830 1329 
7831 1361 
7832 1357 
7833 1362 
7834 1307 
7835 1313 
7836 1327 
7837 1301 
7838 1296 
7839 1302 
7840 1301 
7841 1326 
7842 1298 
7843 1305 
7844 1313 
7845 1303 
7846 1297 
7847 2195 
7848 2153 
7849 2089 
7850 2148 
7851 2099 
7852 2104 
7853 2201 
7854 2243 
7855 2083 
7856 2101 
7857 2222 
7858 2072 
7859 2211 
7860 2104 
7861 2123 
7862 2123 
7863 2185 
7864 2112 
7865 2169 
7866 2402 
7867 2122 
7868 2219 
7869 2587 
7870 2594 
7871 2078 
7872 2082 
7873 2288 
7874 2112 
7875 2076 
7876 2253 
7877 2113 
7878 2192 
7879 2214 
7880 2150 
7881 2699 
7882 2169 
7883 2142 
7884 2555 
7885 2242 
7886 2506 
7887 2661 
7888 2142 
7889 2141 
7890 2387 
7891 2822 
7892 2082 
7893 2172 
7894 2111 
7895 2165 
7896 2470 
7897 2607 
7898 2308 
7899 2456 
7900 2082 
7901 2146 
7902 2736 
7903 2137 
7904 2114 
7905 2153 
7906 2122 
7907 2492 
7908 2216 
7909 2096 
7910 2173 
7911 2327 
7912 2117 
7913 2142 
7914 2157 
7915 2154 
7916 2108 
7917 2118 
7918 2308 
7919 2210 
7920 2138 
7921 2085 
7922 2098 
7923 2146 
7924 2086 
7925 2151 
7926 2209 
7927 2946 
7928 2095 
7929 2168 
7930 2174 
7931 2290 
7932 2181 
7933 2090 
7934 2156 
7935 2702 
7936 2417 
7937 2277 
7938 2200 
7939 2183 
7940 2139 
7941 2169 
7942 2212 
7943 2211 
7944 2733 
7945 2147 
7946 2164 
7947 2162 
7948 2134 
7949 2154 
7950 2243 
7951 2248 
7952 2187 
7953 2164 
7954 2135 
7955 2097 
7956 2326 
7957 2262 
7958 2166 
7959 2097 
7960 2570 
7961 2130 
7962 2103 
7963 1856 
7964 1203 
7965 1203 
7966 1199 
7967 1197 
7968 1172 
7969 1172 
7970 1171 
7971 1225 
7972 1234 
7973 1247 
7974 1220 
7975 1238 
7976 1315 
7977 1771 
7978 1774 
7979 1760 
7980 1772 
7981 1777 
7982 1756 
7983 1774 
7984 1773 
7985 1774 
7986 1771 
7987 1764 
7988 1128 
7989 1188 
7990 1201 
7991 1112 
7992 1098 
7993 1092 
7994 1098 
7995 1093 
7996 1094 
7997 1100 
7998 1098 
7999 1098 
8000 1093 
8001 1098 
8002 1100 
8003 1102 
8004 1107 
8005 1090 
8006 1082 
8007 1088 
8008 1167 
8009 1140 
8010 1806 
8011 1189 
8012 1203 
8013 1213 
8014 1191 
8015 1144 
8016 1176 
8017 1153 
8018 1168 
8019 1170 
8020 1176 
8021 1193 
8022 1271 
8023 1189 
8024 1205 
8025 1190 
8026 1185 
8027 1191 
8028 1248 
8029 1708 
8030 1057 
8031 1340 
8032 1370 
8033 1266 
8034 1349 
8035 1302 
8036 1301 
8037 1355 
8038 1355 
8039 1367 
8040 1356 
8041 1316 
8042 1289 
8043 1437 
8044 1463 
8045 1628 
8046 1284 
8047 1403 
8048 1273 
8049 1306 
8050 1296 
8051 1341 
8052 1323 
8053 1391 
8054 1297 
8055 1339 
8056 1392 
8057 1291 
8058 1573 
8059 1303 
8060 1400 
8061 1260 
8062 1423 
8063 1385 
8064 1275 
8065 1351 
8066 1285 
8067 1341 
8068 1323 
8069 1324 
8070 1288 
8071 1285 
8072 1466 
8073 1406 
8074 1427 
8075 1389 
8076 1392 
8077 1318 
8078 1395 
8079 1351 
8080 1156 
8081 1350 
8082 1468 
8083 1381 
8084 1323 
8085 1307 
8086 1372 
8087 1276 
8088 1317 
8089 1440 
8090 1372 
8091 1345 
8092 1292 
8093 1466 
8094 1390 
8095 1311 
8096 1383 
8097 1359 
8098 1283 
8099 1385 
8100 1361 
8101 1578 
8102 1519 
8103 1293 
8104 1409 
8105 1162 
8106 1489 
8107 1173 
8108 1280 
8109 1303 
8110 1198 
8111 1341 
8112 1184 
8113 1554 
8114 1301 
8115 1345 
8116 1423 
8117 1342 
8118 1358 
8119 1383 
8120 1326 
8121 1525 
8122 1274 
8123 1404 
8124 1304 
8125 1460 
8126 1413 
8127 1499 
8128 1259 
8129 1418 
8130 1566 
8131 1388 
8132 1386 
8133 1209 
8134 1301 
8135 1331 
8136 1411 
8137 1380 
8138 1192 
8139 1345 
8140 1433 
8141 1301 
8142 1543 
8143 1376 
8144 1482 
8145 1280 
8146 1334 
8147 1394 
8148 1787 
8149 1496 
8150 1228 
8151 1110 
8152 1135 
8153 1172 
8154 1159 
8155 1141 
8156 1161 
8157 1133 
8158 1158 
8159 1156 
8160 1145 
8161 1144 
8162 1147 
8163 1145 
8164 1037 
8165 1057 
8166 930 
8167 1705 
8168 1688 
8169 1704 
8170 1700 
8171 1699 
8172 1701 
8173 1707 
8174 949 
8175 1270 
8176 1205 
8177 1206 
8178 1058 
8179 1153 
8180 1120 
8181 1130 
8182 1096 
8183 1121 
8184 1124 
8185 1107 
8186 1068 
8187 1113 
8188 1145 
8189 1128 
8190 1071 
8191 1121 
8192 1116 
8193 1085 
8194 1096 
8195 1105 
8196 1123 
8197 1116 
8198 1197 
8199 1080 
8200 1129 
8201 1120 
8202 1013 
8203 1198 
8204 1149 
8205 1109 
8206 1133 
8207 1122 
8208 1102 
8209 1309 
8210 1024 
8211 1125 
8212 1047 
8213 1125 
8214 1144 
8215 1117 
8216 1121 
8217 1118 
8218 1126 
8219 1124 
8220 1147 
8221 1127 
8222 1135 
8223 1122 
8224 1136 
8225 1165 
8226 1045 
8227 1096 
8228 1210 
8229 1152 
8230 1311 
8231 1089 
8232 1236 
8233 1290 
8234 1130 
8235 1096 
8236 1218 
8237 1129 
8238 1088 
8239 1139 
8240 1132 
8241 1724 
8242 1320 
8243 968 
8244 958 
8245 968 
8246 978 
8247 971 
8248 971 
8249 1014 
8250 1011 
8251 989 
8252 994 
8253 990 
8254 1014 
8255 1028 
8256 1015 
8257 1025 
8258 1041 
8259 1035 
8260 1052 
8261 1044 
8262 1037 
8263 1042 
8264 1045 
8265 1047 
8266 1066 
8267 1044 
8268 1064 
8269 1080 
8270 1060 
8271 1059 
8272 1080 
8273 1084 
8274 1080 
8275 1083 
8276 1106 
8277 1067 
8278 1073 
8279 1084 
8280 1079 
8281 1075 
8282 1079 
8283 1065 
8284 1077 
8285 1087 
8286 1276 
8287 913 
8288 1109 
8289 1110 
8290 897 
8291 1227 
8292 1201 
8293 1291 
8294 1193 
8295 1294 
8296 1294 
8297 1303 
8298 1280 
8299 1309 
8300 1065 
8301 1062 
8302 1038 
8303 1103 
8304 987 
8305 979 
8306 981 
8307 982 
8308 999 
8309 986 
8310 1003 
8311 1001 
8312 1002 
8313 1002 
8314 1003 
8315 1008 
8316 1142 
8317 1023 
8318 1175 
8319 1039 
8320 907 
8321 1668 
8322 1671 
8323 1671 
8324 1709 
8325 1673 
8326 1675 
8327 1672 
8328 1673 
8329 964 
8330 1557 
8331 1676 
8332 1015 
8333 1323 
8334 1325 
8335 1343 
8336 1334 
8337 1333 
8338 1329 
8339 1340 
8340 1334 
8341 1341 
8342 1342 
8343 1339 
8344 1343 
8345 957 
8346 811 
8347 1100 
8348 2685 
8349 2693 
8350 2699 
8351 1050 
8352 1040 
8353 1043 
8354 1045 
8355 1040 
8356 1047 
8357 1045 
8358 1051 
8359 1048 
8360 1061 
8361 1048 
8362 1051 
8363 1052 
8364 1051 
8365 1061 
8366 1050 
8367 836 
8368 835 
8369 940 
8370 843 
8371 848 
8372 854 
8373 905 
8374 1569 
8375 1554 
8376 1650 
8377 1562 
8378 2932 
8379 2925 
8380 755 
8381 761 
8382 756 
8383 882 
8384 756 
8385 752 
8386 752 
8387 784 
8388 854 
8389 791 
8390 769 
8391 877 
8392 773 
8393 869 
8394 971 
8395 980 
8396 743 
8397 785 
8398 731 
8399 772 
8400 791 
8401 788 
8402 622 
8403 888 
8404 958 
8405 1035 
8406 984 
8407 676 
8408 561 
8409 569 
8410 739 
8411 717 
8412 729 
8413 729 
8414 728 
8415 768 
8416 702 
8417 745 
8418 747 
8419 771 
8420 755 
8421 752 
8422 752 
8423 820 
8424 719 
8425 732 
8426 725 
8427 738 
8428 720 
8429 782 
8430 1080 
8431 743 
8432 781 
8433 751 
8434 745 
8435 787 
8436 754 
8437 756 
8438 796 
8439 767 
8440 587 
8441 640 
8442 627 
8443 631 
8444 623 
8445 633 
8446 629 
8447 627 
8448 664 
8449 643 
8450 637 
8451 611 
8452 516 
8453 515 
8454 595 
8455 586 
8456 589 
8457 578 
8458 605 
8459 445 
8460 566 
8461 542 
8462 557 
8463 482 
8464 482 
8465 477 
8466 646 
8467 643 
8468 643 
8469 623 
8470 680 
8471 630 
8472 652 
8473 642 
8474 652 
8475 645 
8476 644 
8477 1574 
8478 1575 
8479 1569 
8480 1572 
8481 1572 
8482 1586 
8483 1583 
8484 1625 
8485 1602 
8486 1579 
8487 1593 
8488 1589 
8489 1584 
8490 1597 
8491 1597 
8492 1594 
8493 1606 
8494 591 
8495 474 
8496 454 
8497 506 
8498 494 
8499 483 
8500 431 
8501 589 
8502 593 
8503 621 
8504 604 
8505 616 
8506 614 
8507 613 
8508 619 
8509 614 
8510 629 
8511 608 
8512 621 
8513 629 
8514 615 
8515 621 
8516 630 
8517 629 
8518 628 
8519 643 
8520 637 
8521 639 
8522 629 
8523 639 
8524 633 
8525 670 
8526 638 
8527 645 
8528 644 
8529 646 
8530 670 
8531 686 
8532 693 
8533 667 
8534 663 
8535 660 
8536 659 
8537 675 
8538 658 
8539 671 
8540 674 
8541 677 
8542 682 
8543 685 
8544 713 
8545 687 
8546 697 
8547 708 
8548 705 
8549 705 
8550 707 
8551 704 
8552 704 
8553 702 
8554 747 
8555 752 
8556 723 
8557 712 
8558 725 
8559 721 
8560 754 
8561 614 
8562 625 
8563 625 
8564 651 
8565 629 
8566 639 
8567 629 
8568 641 
8569 645 
8570 644 
8571 630 
8572 649 
8573 633 
8574 652 
8575 641 
8576 649 
8577 642 
8578 650 
8579 656 
8580 670 
8581 656 
8582 648 
8583 723 
8584 660 
8585 834 
8586 845 
8587 763 
8588 774 
8589 846 
8590 787 
8591 787 
8592 803 
8593 778 
8594 779 
8595 783 
8596 786 
8597 791 
8598 800 
8599 870 
8600 802 
8601 865 
8602 810 
8603 794 
8604 792 
8605 799 
8606 797 
8607 797 
8608 796 
8609 798 
8610 801 
8611 807 
8612 803 
8613 812 
8614 847 
8615 878 
8616 809 
8617 811 
8618 808 
8619 826 
8620 814 
8621 818 
8622 824 
8623 818 
8624 848 
8625 694 
8626 689 
8627 566 
8628 589 
8629 585 
8630 619 
8631 502 
8632 647 
8633 628 
8634 722 
8635 723 
8636 724 
8637 724 
8638 721 
8639 725 
8640 478 
8641 505 
8642 1866 
8643 1869 
8644 1867 
8645 1869 
8646 1869 
8647 1869 
8648 1862 
8649 1871 
8650 580 
8651 596 
8652 583 
8653 596 
8654 615 
8655 619 
8656 610 
8657 603 
8658 617 
8659 634 
8660 636 
8661 605 
8662 615 
8663 622 
8664 621 
8665 609 
8666 670 
8667 612 
8668 622 
8669 627 
8670 695 
8671 688 
8672 667 
8673 692 
8674 1037 
8675 905 
8676 800 
8677 700 
8678 684 
8679 685 
8680 697 
8681 716 
8682 750 
8683 748 
8684 672 
8685 957 
8686 712 
8687 562 
8688 741 
8689 703 
8690 794 
8691 851 
8692 892 
8693 1112 
8694 733 
8695 725 
8696 745 
8697 780 
8698 732 
8699 824 
8700 707 
8701 962 
8702 771 
8703 887 
8704 755 
8705 800 
8706 890 
8707 839 
8708 579 
8709 741 
8710 814 
8711 693 
8712 724 
8713 999 
8714 816 
8715 733 
8716 838 
8717 794 
8718 959 
8719 886 
8720 732 
8721 722 
8722 926 
8723 708 
8724 851 
8725 709 
8726 861 
8727 805 
8728 707 
8729 783 
8730 857 
8731 792 
8732 833 
8733 884 
8734 617 
8735 751 
8736 721 
8737 761 
8738 781 
8739 762 
8740 730 
8741 778 
8742 772 
8743 600 
8744 720 
8745 611 
8746 761 
8747 739 
8748 777 
8749 767 
8750 906 
8751 985 
8752 817 
8753 795 
8754 958 
8755 831 
8756 709 
8757 812 
8758 815 
8759 949 
8760 766 
8761 776 
8762 766 
8763 784 
8764 813 
8765 1058 
8766 834 
8767 880 
8768 991 
8769 996 
8770 789 
8771 878 
8772 821 
8773 777 
8774 887 
8775 841 
8776 660 
8777 769 
8778 872 
8779 843 
8780 1052 
8781 842 
8782 865 
8783 859 
8784 822 
8785 1006 
8786 814 
8787 837 
8788 1064 
8789 796 
8790 779 
8791 962 
8792 911 
8793 846 
8794 860 
8795 674 
8796 781 
8797 943 
8798 905 
8799 854 
8800 793 
8801 819 
8802 803 
8803 697 
8804 744 
8805 696 
8806 703 
8807 712 
8808 700 
8809 706 
8810 801 
8811 706 
8812 723 
8813 693 
8814 685 
8815 723 
8816 688 
8817 733 
8818 692 
8819 705 
8820 694 
8821 686 
8822 696 
8823 533 
8824 459 
8825 468 
8826 601 
8827 587 
8828 732 
8829 724 
8830 741 
8831 760 
8832 719 
8833 588 
8834 744 
8835 734 
8836 741 
8837 744 
8838 737 
8839 593 
8840 417 
8841 417 
8842 423 
8843 435 
8844 435 
8845 440 
8846 440 
8847 450 
8848 444 
8849 461 
8850 451 
8851 468 
8852 457 
8853 470 
8854 459 
8855 484 
8856 468 
8857 478 
8858 470 
8859 474 
8860 486 
8861 498 
8862 483 
8863 501 
8864 487 
8865 488 
8866 499 
8867 494 
8868 496 
8869 495 
8870 508 
8871 506 
8872 500 
8873 517 
8874 502 
8875 506 
8876 505 
8877 514 
8878 510 
8879 524 
8880 515 
8881 514 
8882 511 
8883 529 
8884 521 
8885 523 
8886 530 
8887 523 
8888 523 
8889 533 
8890 533 
8891 527 
8892 529 
8893 528 
8894 575 
8895 624 
8896 598 
8897 599 
8898 622 
8899 614 
8900 629 
8901 624 
8902 611 
8903 609 
8904 601 
8905 620 
8906 613 
8907 629 
8908 624 
8909 629 
8910 635 
8911 622 
8912 607 
8913 609 
8914 623 
8915 632 
8916 650 
8917 626 
8918 624 
8919 628 
8920 623 
8921 632 
8922 619 
8923 673 
8924 701 
8925 681 
8926 691 
8927 710 
8928 722 
8929 732 
8930 712 
8931 710 
8932 726 
8933 720 
8934 713 
8935 724 
8936 719 
8937 726 
8938 728 
8939 720 
8940 708 
8941 710 
8942 731 
8943 738 
8944 721 
8945 719 
8946 715 
8947 742 
8948 736 
8949 736 
8950 736 
8951 747 
8952 770 
8953 784 
8954 775 
8955 802 
8956 806 
8957 810 
8958 683 
8959 678 
8960 615 
8961 619 
8962 621 
8963 538 
8964 544 
8965 561 
8966 558 
8967 555 
8968 709 
8969 675 
8970 687 
8971 692 
8972 680 
8973 679 
8974 686 
8975 618 
8976 680 
8977 700 
8978 679 
8979 892 
8980 691 
8981 630 
8982 688 
8983 620 
8984 604 
8985 624 
8986 619 
8987 607 
8988 653 
8989 645 
8990 694 
8991 619 
8992 616 
8993 607 
8994 607 
8995 608 
8996 623 
8997 656 
8998 635 
8999 632 
9000 684 
9001 635 
9002 608 
9003 604 
9004 802 
9005 585 
9006 580 
9007 582 
9008 511 
9009 704 
9010 723 
9011 706 
9012 727 
9013 716 
9014 731 
9015 721 
9016 711 
9017 714 
9018 707 
9019 711 
9020 712 
9021 708 
9022 716 
9023 525 
9024 521 
9025 522 
9026 526 
9027 531 
9028 527 
9029 531 
9030 535 
9031 530 
9032 532 
9033 540 
9034 537 
9035 560 
9036 539 
9037 555 
9038 495 
9039 492 
9040 481 
9041 486 
9042 484 
9043 486 
9044 488 
9045 434 
9046 413 
9047 429 
9048 426 
9049 350 
9050 338 
9051 340 
9052 324 
9053 325 
9054 327 
9055 322 
9056 336 
9057 338 
9058 341 
9059 328 
9060 450 
9061 450 
9062 444 
9063 443 
9064 221 
9065 95 
9066 923 
9067 168 
9068 405 
9069 396 
9070 398 
9071 403 
9072 431 
9073 444 
9074 390 
9075 397 
9076 401 
9077 395 
9078 399 
9079 527 
9080 518 
9081 401 
9082 400 
9083 393 
9084 515 
9085 493 
9086 420 
9087 127 
9088 120 
9089 128 
9090 103 
9091 102 
9092 32 
9093 54 
9094 59 
9095 64 
9096 73 
9097 67 
9098 71 
9099 64 
9100 74 
9101 70 
9102 73 
9103 840 
9104 829 
9105 827 
9106 826 
9107 595 
9108 884 
9109 558 
9110 586 
9111 557 
9112 544 
9113 541 
9114 616 
9115 546 
9116 675 
9117 546 
9118 612 
9119 635 
9120 542 
9121 687 
9122 575 
9123 617 
9124 592 
9125 618 
9126 599 
9127 624 
9128 605 
9129 778 
9130 834 
9131 639 
9132 628 
9133 590 
9134 632 
9135 654 
9136 636 
9137 643 
9138 638 
9139 729 
9140 629 
9141 622 
9142 618 
9143 921 
9144 627 
9145 741 
9146 806 
9147 612 
9148 592 
9149 615 
9150 601 
9151 731 
9152 637 
9153 625 
9154 614 
9155 655 
9156 621 
9157 628 
9158 633 
9159 645 
9160 637 
9161 605 
9162 641 
9163 683 
9164 610 
9165 624 
9166 684 
9167 641 
9168 751 
9169 644 
9170 688 
9171 704 
9172 625 
9173 977 
9174 625 
9175 753 
9176 682 
9177 682 
9178 656 
9179 679 
9180 665 
9181 659 
9182 660 
9183 718 
9184 761 
9185 675 
9186 937 
9187 1000 
9188 681 
9189 661 
9190 702 
9191 708 
9192 709 
9193 685 
9194 691 
9195 733 
9196 709 
9197 725 
9198 745 
9199 681 
9200 683 
9201 730 
9202 684 
9203 718 
9204 693 
9205 747 
9206 745 
9207 726 
9208 734 
9209 887 
9210 716 
9211 1036 
9212 685 
9213 1037 
9214 688 
9215 723 
9216 734 
9217 797 
9218 719 
9219 789 
9220 751 
9221 734 
9222 884 
9223 719 
9224 713 
9225 703 
9226 441 
9227 445 
9228 431 
9229 446 
9230 434 
9231 443 
9232 464 
9233 432 
9234 437 
9235 436 
9236 434 
9237 445 
9238 120 
9239 198 
9240 192 
9241 196 
9242 209 
9243 194 
9244 217 
9245 206 
9246 199 
9247 198 
9248 196 
9249 199 
9250 195 
9251 280 
9252 848 
9253 852 
9254 839 
9255 845 
9256 833 
9257 843 
9258 840 
9259 845 
9260 837 
9261 819 
9262 857 
9263 844 
9264 838 
9265 842 
9266 857 
9267 846 
9268 825 
9269 846 
9270 825 
9271 842 
9272 850 
9273 859 
9274 794 
9275 847 
9276 829 
9277 866 
9278 834 
9279 837 
9280 846 
9281 846 
9282 847 
9283 850 
9284 811 
9285 838 
9286 811 
9287 848 
9288 839 
9289 847 
9290 20 
9291 63 
9292 67 
9293 63 
9294 68 
9295 886 
9296 557 
9297 518 
9298 695 
9299 520 
9300 547 
9301 504 
9302 523 
9303 526 
9304 651 
9305 518 
9306 527 
9307 561 
9308 502 
9309 525 
9310 558 
9311 624 
9312 561 
9313 647 
9314 556 
9315 673 
9316 559 
9317 586 
9318 558 
9319 560 
9320 184 
9321 560 
9322 671 
9323 30 
9324 51 
9325 193 
9326 224 
9327 273 
9328 195 
9329 199 
9330 196 
9331 233 
9332 197 
9333 256 
9334 207 
9335 214 
9336 216 
9337 290 
9338 197 
9339 210 
9340 207 
9341 197 
9342 192 
9343 206 
9344 200 
9345 202 
9346 186 
9347 198 
9348 194 
9349 184 
9350 189 
9351 186 
9352 363 
9353 69 
9354 160 
9355 156 
9356 159 
9357 156 
9358 160 
9359 160 
9360 160 
9361 160 
9362 629 
9363 542 
9364 551 
9365 546 
9366 539 
9367 544 
9368 542 
9369 545 
9370 545 
9371 545 
9372 577 
9373 541 
9374 596 
9375 132 
9376 135 
9377 134 
9378 78 
9379 87 
9380 92 
9381 94 
9382 71 
9383 69 
9384 72 
9385 88 
9386 190 
9387 189 
9388 187 
9389 189 
9390 191 
9391 193 
9392 191 
9393 147 
9394 146 
9395 168 
9396 187 
9397 146 
9398 377 
9399 358 
9400 401 
9401 393 
9402 376 
9403 393 
9404 530 
9405 418 
9406 495 
9407 370 
9408 539 
9409 371 
9410 368 
9411 481 
9412 391 
9413 361 
9414 475 
9415 360 
9416 397 
9417 567 
9418 393 
9419 376 
9420 378 
9421 403 
9422 548 
9423 368 
9424 355 
9425 380 
9426 362 
9427 368 
9428 416 
9429 367 
9430 428 
9431 393 
9432 366 
9433 368 
9434 404 
9435 372 
9436 567 
9437 381 
9438 366 
9439 410 
9440 505 
9441 385 
9442 458 
9443 415 
9444 370 
9445 435 
9446 378 
9447 359 
9448 527 
9449 420 
9450 371 
9451 358 
9452 382 
9453 393 
9454 356 
9455 366 
9456 431 
9457 359 
9458 378 
9459 486 
9460 523 
9461 380 
9462 380 
9463 376 
9464 380 
9465 375 
9466 393 
9467 368 
9468 371 
9469 540 
9470 487 
9471 380 
9472 380 
9473 357 
9474 142 
9475 349 
9476 356 
9477 362 
9478 342 
9479 341 
9480 419 
9481 239 
9482 299 
9483 259 
9484 230 
9485 229 
9486 227 
9487 228 
9488 243 
9489 230 
9490 243 
9491 309 
9492 303 
9493 242 
9494 305 
9495 239 
9496 226 
9497 321 
9498 269 
9499 245 
9500 257 
9501 315 
9502 265 
9503 248 
9504 263 
9505 250 
9506 59 
9507 277 
9508 250 
9509 173 
9510 234 
9511 193 
9512 151 
9513 195 
9514 147 
9515 147 
9516 151 
9517 164 
9518 171 
9519 152 
9520 262 
9521 139 
9522 146 
9523 125 
9524 204 
9525 56 
9526 253 
9527 156 
9528 159 
9529 176 
9530 158 
9531 255 
9532 167 
9533 178 
9534 176 
9535 246 
9536 179 
9537 155 
9538 238 
9539 159 
9540 166 
9541 155 
9542 158 
9543 164 
9544 163 
9545 150 
9546 147 
9547 147 
9548 150 
