0 71 
1 56 
2 132 
3 135 
4 156 
5 1000 
6 172 
7 117 
8 119 
9 76 
10 80 
11 82 
12 92 
13 122 
14 97 
15 113 
16 615 
17 446 
18 511 
19 452 
20 476 
21 633 
22 518 
23 576 
24 476 
25 499 
26 647 
27 481 
28 470 
29 482 
30 463 
31 513 
32 506 
33 490 
34 497 
35 487 
36 519 
37 523 
38 510 
39 522 
40 479 
41 505 
42 642 
43 548 
44 541 
45 581 
46 569 
47 607 
48 754 
49 495 
50 852 
51 524 
52 508 
53 577 
54 515 
55 517 
56 525 
57 612 
58 592 
59 498 
60 502 
61 490 
62 563 
63 536 
64 590 
65 549 
66 531 
67 537 
68 522 
69 530 
70 500 
71 550 
72 637 
73 519 
74 601 
75 513 
76 522 
77 643 
78 742 
79 578 
80 606 
81 567 
82 556 
83 764 
84 517 
85 545 
86 755 
87 589 
88 1003 
89 531 
90 581 
91 633 
92 755 
93 556 
94 563 
95 556 
96 539 
97 576 
98 537 
99 918 
100 627 
101 614 
102 607 
103 545 
104 606 
105 610 
106 628 
107 563 
108 608 
109 551 
110 557 
111 607 
112 558 
113 688 
114 620 
115 757 
116 639 
117 617 
118 565 
119 573 
120 624 
121 616 
122 582 
123 641 
124 904 
125 596 
126 611 
127 566 
128 596 
129 626 
130 563 
131 656 
132 605 
133 688 
134 661 
135 671 
136 601 
137 628 
138 567 
139 731 
140 654 
141 690 
142 696 
143 632 
144 668 
145 596 
146 988 
147 236 
148 71 
149 71 
150 75 
151 676 
152 62 
153 61 
154 62 
155 72 
156 70 
157 67 
158 71 
159 70 
160 67 
161 72 
162 28 
163 125 
164 34 
165 113 
166 750 
167 634 
168 634 
169 687 
170 540 
171 535 
172 531 
173 534 
174 537 
175 535 
176 539 
177 425 
178 9937 
179 9909 
180 9909 
181 9925 
182 9911 
183 9925 
184 9915 
185 9938 
186 9933 
187 9925 
188 9929 
189 9932 
190 9938 
191 9921 
192 9950 
193 320 
194 337 
195 341 
196 438 
197 337 
198 362 
199 330 
200 320 
201 325 
202 335 
203 324 
204 323 
205 345 
206 326 
207 413 
208 335 
209 337 
210 332 
211 379 
212 366 
213 336 
214 347 
215 341 
216 340 
217 350 
218 340 
219 341 
220 109 
221 108 
222 264 
223 339 
224 230 
225 237 
226 243 
227 235 
228 249 
229 237 
230 342 
231 256 
232 266 
233 265 
234 253 
235 243 
236 246 
237 248 
238 263 
239 261 
240 236 
241 206 
242 211 
243 278 
244 227 
245 210 
246 204 
247 211 
248 217 
249 207 
250 227 
251 214 
252 246 
253 230 
254 227 
255 227 
256 290 
257 219 
258 246 
259 222 
260 219 
261 223 
262 241 
263 240 
264 228 
265 237 
266 234 
267 228 
268 240 
269 241 
270 239 
271 243 
272 232 
273 241 
274 246 
275 240 
276 248 
277 242 
278 250 
279 234 
280 254 
281 250 
282 255 
283 249 
284 244 
285 108 
286 257 
287 257 
288 236 
289 238 
290 274 
291 233 
292 249 
293 231 
294 232 
295 230 
296 251 
297 233 
298 255 
299 247 
300 239 
301 249 
302 243 
303 287 
304 246 
305 273 
306 268 
307 269 
308 262 
309 266 
310 249 
311 243 
312 250 
313 253 
314 244 
315 277 
316 265 
317 257 
318 260 
319 254 
320 257 
321 267 
322 284 
323 243 
324 280 
325 270 
326 286 
327 262 
328 265 
329 265 
330 291 
331 1053 
332 1033 
333 828 
334 816 
335 812 
336 341 
337 338 
338 339 
339 352 
340 359 
341 363 
342 351 
343 344 
344 384 
345 449 
346 344 
347 351 
348 352 
349 362 
350 354 
351 404 
352 354 
353 357 
354 368 
355 355 
356 429 
357 369 
358 381 
359 365 
360 258 
361 264 
362 307 
363 305 
364 305 
365 305 
366 159 
367 238 
368 240 
369 256 
370 396 
371 137 
372 122 
373 142 
374 133 
375 381 
376 143 
377 195 
378 193 
379 198 
380 198 
381 198 
382 74 
383 24 
384 5363 
385 5356 
386 5340 
387 5345 
388 5349 
389 5350 
390 5345 
391 170 
392 235 
393 109 
394 116 
395 91 
396 63 
397 246 
398 257 
399 257 
400 293 
401 262 
402 255 
403 262 
404 261 
405 256 
406 306 
407 265 
408 269 
409 312 
410 15 
411 26 
412 225 
413 22 
414 1146 
415 1095 
416 1057 
417 1090 
418 1100 
419 1097 
420 1045 
421 1114 
422 1101 
423 41 
424 181 
425 70 
426 68 
427 70 
428 69 
429 66 
430 73 
431 67 
432 75 
433 98 
434 99 
435 62 
436 63 
437 64 
438 986 
439 549 
440 554 
441 610 
442 627 
443 614 
444 605 
445 647 
446 560 
447 699 
448 652 
449 606 
450 626 
451 591 
452 625 
453 639 
454 577 
455 1382 
456 1020 
457 597 
458 861 
459 833 
460 752 
461 617 
462 675 
463 579 
464 3894 
465 641 
466 914 
467 982 
468 625 
469 757 
470 722 
471 1018 
472 610 
473 1173 
474 826 
475 700 
476 949 
477 640 
478 985 
479 857 
480 815 
481 794 
482 763 
483 655 
484 698 
485 1092 
486 744 
487 1068 
488 1058 
489 933 
490 940 
491 940 
492 627 
493 1299 
494 765 
495 1104 
496 680 
497 891 
498 1080 
499 1024 
500 639 
501 731 
502 3932 
503 797 
504 675 
505 972 
506 952 
507 1062 
508 679 
509 813 
510 1147 
511 858 
512 764 
513 1040 
514 819 
515 767 
516 830 
517 745 
518 1029 
519 1164 
520 688 
521 827 
522 738 
523 1059 
524 826 
525 887 
526 909 
527 913 
528 1084 
529 893 
530 1099 
531 666 
532 895 
533 968 
534 1158 
535 1160 
536 1117 
537 880 
538 678 
539 901 
540 883 
541 698 
542 1029 
543 690 
544 1210 
545 1042 
546 1014 
547 905 
548 1045 
549 888 
550 792 
551 995 
552 713 
553 1010 
554 1116 
555 3988 
556 690 
557 747 
558 683 
559 1128 
560 1086 
561 1114 
562 777 
563 895 
564 929 
565 668 
566 1001 
567 1128 
568 702 
569 3999 
570 146 
571 162 
572 162 
573 163 
574 582 
575 840 
576 866 
577 808 
578 850 
579 1139 
580 822 
581 822 
582 809 
583 813 
584 126 
585 42 
586 8553 
587 179 
588 177 
589 181 
590 180 
591 182 
592 75 
593 76 
594 9068 
595 8842 
596 8825 
597 8769 
598 8905 
599 8840 
600 8791 
601 8916 
602 8898 
603 8798 
604 8776 
605 8810 
606 8793 
607 189 
608 191 
609 192 
610 362 
611 371 
612 359 
613 368 
614 375 
615 370 
616 368 
617 370 
618 229 
619 191 
620 192 
621 8075 
622 260 
623 219 
624 190 
625 186 
626 31 
627 160 
628 1216 
629 1241 
630 1216 
631 1223 
632 1240 
633 1208 
634 1218 
635 1230 
636 1217 
637 1232 
638 1238 
639 1192 
640 1261 
641 1241 
642 1237 
643 1232 
644 1237 
645 1267 
646 1234 
647 1231 
648 167 
649 148 
650 125 
651 106 
652 236 
653 234 
654 238 
655 239 
656 239 
657 237 
658 241 
659 242 
660 57 
661 60 
662 391 
663 26 
664 1170 
665 1233 
666 1222 
667 1242 
668 1216 
669 1220 
670 1217 
671 1208 
672 1205 
673 1221 
674 1233 
675 1209 
676 1215 
677 1225 
678 1234 
679 1207 
680 1251 
681 1241 
682 1216 
683 1223 
684 1194 
685 1250 
686 1222 
687 1201 
688 1248 
689 1215 
690 2373 
691 2382 
692 16079 
693 233 
694 64 
695 37 
696 55 
697 435 
698 548 
699 541 
700 537 
701 496 
702 569 
703 371 
704 372 
705 372 
706 219 
707 218 
708 207 
709 212 
710 221 
711 226 
712 397 
713 419 
714 392 
715 481 
716 647 
717 406 
718 605 
719 392 
720 400 
721 401 
722 415 
723 397 
724 692 
725 423 
726 444 
727 420 
728 724 
729 404 
730 425 
731 418 
732 506 
733 616 
734 422 
735 411 
736 400 
737 430 
738 419 
739 632 
740 421 
741 504 
742 428 
743 419 
744 436 
745 660 
746 651 
747 585 
748 505 
749 429 
750 436 
751 627 
752 890 
753 433 
754 429 
755 531 
756 431 
757 538 
758 501 
759 426 
760 446 
761 528 
762 584 
763 660 
764 539 
765 861 
766 448 
767 587 
768 2653 
769 431 
770 2461 
771 455 
772 523 
773 577 
774 551 
775 460 
776 491 
777 490 
778 586 
779 463 
780 595 
781 655 
782 559 
783 596 
784 480 
785 562 
786 543 
787 515 
788 683 
789 481 
790 472 
791 2029 
792 649 
793 468 
794 491 
795 832 
796 783 
797 479 
798 611 
799 635 
800 482 
801 579 
802 656 
803 636 
804 493 
805 494 
806 582 
807 497 
808 1082 
809 846 
810 614 
811 555 
812 497 
813 498 
814 475 
815 627 
816 582 
817 5781 
818 901 
819 577 
820 668 
821 5786 
822 548 
823 811 
824 509 
825 751 
826 584 
827 589 
828 950 
829 1413 
830 698 
831 520 
832 521 
833 756 
834 515 
835 375 
836 371 
837 372 
838 370 
839 370 
840 1964 
841 1866 
842 1895 
843 1844 
844 213 
845 214 
846 211 
847 216 
848 2831 
849 2721 
850 2744 
851 2698 
852 2717 
853 2708 
854 2746 
855 5897 
856 5774 
857 5900 
858 5834 
859 5811 
860 5643 
861 5642 
862 5824 
863 5643 
864 5663 
865 5627 
866 5815 
867 5646 
868 5816 
869 5831 
870 5811 
871 5651 
872 5826 
873 5838 
874 5917 
875 5804 
876 5672 
877 5666 
878 5822 
879 5658 
880 5846 
881 5650 
882 5679 
883 5650 
884 5845 
885 5685 
886 5782 
887 5683 
888 5919 
889 5826 
890 5834 
891 5855 
892 5720 
893 5712 
894 5684 
895 5676 
896 5857 
897 5833 
898 5841 
899 5709 
900 5676 
901 5702 
902 5948 
903 5871 
904 5845 
905 5675 
906 5675 
907 5861 
908 5886 
909 5853 
910 5835 
911 5839 
912 5866 
913 5703 
914 5716 
915 5846 
916 5863 
917 5767 
918 5721 
919 5712 
920 5699 
921 5967 
922 5730 
923 5709 
924 5719 
925 5890 
926 5856 
927 5853 
928 5906 
929 5698 
930 5728 
931 5922 
932 5878 
933 5740 
934 5878 
935 5899 
936 5866 
937 5737 
938 5908 
939 5896 
940 5762 
941 5860 
942 5790 
943 5711 
944 5740 
945 5882 
946 5747 
947 5917 
948 5754 
949 5902 
950 5993 
951 5903 
952 5912 
953 5781 
954 5911 
955 5757 
956 5899 
957 5872 
958 6005 
959 5917 
960 5918 
961 5930 
962 5991 
963 5734 
964 6007 
965 5765 
966 5787 
967 5916 
968 5884 
969 5930 
970 5928 
971 5926 
972 5761 
973 5752 
974 5751 
975 5995 
976 5926 
977 5945 
978 5927 
979 5996 
980 5965 
981 5983 
982 5997 
983 5885 
984 6059 
985 6029 
986 6075 
987 6044 
988 6041 
989 6065 
990 6066 
991 5952 
992 5952 
993 5953 
994 6114 
995 6116 
996 5963 
997 6101 
998 6181 
999 6139 
1000 5973 
1001 5958 
1002 6117 
1003 5997 
1004 6161 
1005 6133 
1006 6133 
1007 6179 
1008 6192 
1009 6055 
1010 6220 
1011 6237 
1012 6233 
1013 6198 
1014 6232 
1015 6085 
1016 6246 
1017 6085 
1018 6249 
1019 6237 
1020 6263 
1021 6061 
1022 6311 
1023 6306 
1024 6079 
1025 6224 
1026 6086 
1027 6342 
1028 6118 
1029 6093 
1030 6084 
1031 6227 
1032 6113 
1033 6097 
1034 6260 
1035 6288 
1036 6226 
1037 6258 
1038 6356 
1039 6235 
1040 6349 
1041 6253 
1042 6197 
1043 6097 
1044 6242 
1045 6266 
1046 6272 
1047 6107 
1048 6290 
1049 6267 
1050 6270 
1051 6269 
1052 6098 
1053 6368 
1054 6126 
1055 6296 
1056 6101 
1057 6157 
1058 6092 
1059 6282 
1060 6170 
1061 6175 
1062 6288 
1063 6294 
1064 6105 
1065 6159 
1066 6267 
1067 6103 
1068 6141 
1069 6386 
1070 6290 
1071 6123 
1072 6267 
1073 6309 
1074 6127 
1075 6323 
1076 6405 
1077 6435 
1078 6514 
1079 6351 
1080 6480 
1081 6493 
1082 6379 
1083 6601 
1084 6392 
1085 6556 
1086 6635 
1087 6549 
1088 6365 
1089 297 
1090 282 
1091 409 
1092 722 
1093 1129 
1094 1159 
1095 1153 
1096 766 
1097 327 
1098 734 
1099 3472 
1100 653 
1101 424 
1102 431 
1103 432 
1104 437 
1105 435 
1106 435 
1107 440 
1108 434 
1109 462 
1110 434 
1111 441 
1112 433 
1113 459 
1114 453 
1115 437 
1116 439 
1117 451 
1118 443 
1119 462 
1120 457 
1121 460 
1122 458 
1123 463 
1124 480 
1125 453 
1126 469 
1127 467 
1128 469 
1129 469 
1130 471 
1131 470 
1132 502 
1133 470 
1134 464 
1135 574 
1136 505 
1137 479 
1138 490 
1139 477 
1140 366 
1141 470 
1142 506 
1143 475 
1144 686 
1145 488 
1146 497 
1147 478 
1148 488 
1149 481 
1150 504 
1151 473 
1152 489 
1153 499 
1154 498 
1155 589 
1156 498 
1157 619 
1158 553 
1159 489 
1160 496 
1161 652 
1162 505 
1163 494 
1164 515 
1165 528 
1166 238 
1167 239 
1168 3431 
1169 3598 
1170 3004 
1171 1256 
1172 1532 
1173 3057 
1174 1748 
1175 4980 
1176 1054 
1177 1758 
1178 1731 
1179 1785 
1180 1742 
1181 1776 
1182 1730 
1183 1753 
1184 1741 
1185 1754 
1186 1786 
1187 2210 
1188 2208 
1189 2966 
1190 3001 
1191 3002 
1192 2971 
1193 2964 
1194 2958 
1195 3014 
1196 3033 
1197 3013 
1198 3012 
1199 3447 
1200 15546 
1201 654 
1202 3652 
1203 552 
1204 3516 
1205 430 
1206 521 
1207 437 
1208 439 
1209 438 
1210 537 
1211 438 
1212 590 
1213 311 
1214 439 
1215 483 
1216 453 
1217 455 
1218 460 
1219 448 
1220 473 
1221 449 
1222 450 
1223 472 
1224 603 
1225 475 
1226 553 
1227 458 
1228 455 
1229 455 
1230 461 
1231 459 
1232 533 
1233 482 
1234 352 
1235 461 
1236 593 
1237 639 
1238 487 
1239 467 
1240 489 
1241 485 
1242 470 
1243 548 
1244 473 
1245 503 
1246 473 
1247 530 
1248 480 
1249 529 
1250 660 
1251 476 
1252 495 
1253 496 
1254 466 
1255 356 
1256 359 
1257 161 
1258 189 
1259 211 
1260 246 
1261 256 
1262 268 
1263 281 
1264 266 
1265 282 
1266 269 
1267 287 
1268 280 
1269 276 
1270 310 
1271 295 
1272 299 
1273 319 
1274 324 
1275 336 
1276 333 
1277 369 
1278 360 
1279 358 
1280 358 
1281 357 
1282 367 
1283 364 
1284 379 
1285 361 
1286 377 
1287 378 
1288 386 
1289 396 
1290 388 
1291 399 
1292 379 
1293 380 
1294 381 
1295 377 
1296 387 
1297 389 
1298 410 
1299 392 
1300 395 
1301 395 
1302 398 
1303 396 
1304 402 
1305 414 
1306 387 
1307 388 
1308 400 
1309 404 
1310 406 
1311 401 
1312 406 
1313 404 
1314 395 
1315 401 
1316 421 
1317 427 
1318 421 
1319 429 
1320 426 
1321 433 
1322 445 
1323 532 
1324 441 
1325 452 
1326 527 
1327 459 
1328 451 
1329 459 
1330 439 
1331 453 
1332 447 
1333 437 
1334 463 
1335 465 
1336 449 
1337 453 
1338 462 
1339 465 
1340 464 
1341 479 
1342 469 
1343 474 
1344 476 
1345 477 
1346 474 
1347 485 
1348 484 
1349 522 
1350 525 
1351 523 
1352 488 
1353 489 
1354 487 
1355 528 
1356 497 
1357 499 
1358 503 
1359 504 
1360 509 
1361 505 
1362 508 
1363 508 
1364 513 
1365 515 
1366 554 
1367 517 
1368 552 
1369 516 
1370 520 
1371 519 
1372 523 
1373 524 
1374 560 
1375 522 
1376 562 
1377 528 
1378 525 
1379 557 
1380 532 
1381 534 
1382 532 
1383 1291 
1384 1260 
1385 1290 
1386 1284 
1387 1287 
1388 1303 
1389 1299 
1390 1272 
1391 1299 
1392 1307 
1393 1294 
1394 1298 
1395 1381 
1396 1297 
1397 308 
1398 309 
1399 265 
1400 280 
1401 469 
1402 113 
1403 182 
1404 107 
1405 87 
1406 5483 
1407 5437 
1408 5406 
1409 405 
1410 5553 
1411 690 
1412 300 
1413 309 
1414 307 
1415 749 
1416 328 
1417 512 
1418 334 
1419 368 
1420 353 
1421 340 
1422 350 
1423 457 
1424 383 
1425 29 
1426 5471 
1427 5468 
1428 4290 
1429 3252 
1430 2991 
1431 3286 
1432 3323 
1433 3434 
1434 3253 
1435 2984 
1436 2977 
1437 2978 
1438 2983 
1439 3005 
1440 2991 
1441 2995 
1442 2989 
1443 3019 
1444 2988 
1445 2994 
1446 2991 
1447 2997 
1448 2996 
1449 2999 
1450 3020 
1451 3000 
1452 3009 
1453 3102 
1454 97 
1455 6379 
1456 122 
1457 1053 
1458 1047 
1459 1044 
1460 1047 
1461 1042 
1462 1049 
1463 1052 
1464 2535 
1465 2453 
1466 2493 
1467 2457 
1468 2453 
1469 2472 
1470 2471 
1471 2505 
1472 2507 
1473 2457 
1474 2466 
1475 2485 
1476 2457 
1477 2503 
1478 2548 
1479 2530 
1480 2534 
1481 2475 
1482 2477 
1483 2566 
1484 2521 
1485 2495 
1486 136 
1487 28 
1488 32 
1489 1514 
1490 1500 
1491 1490 
1492 1500 
1493 1500 
1494 1497 
1495 1463 
1496 1495 
1497 1498 
1498 1488 
1499 1517 
1500 1585 
1501 1489 
1502 1565 
1503 1529 
1504 2946 
1505 1545 
1506 1505 
1507 1485 
1508 2953 
1509 1567 
1510 1542 
1511 1509 
1512 1521 
1513 1536 
1514 1521 
1515 1537 
1516 1578 
1517 1590 
1518 1576 
1519 1589 
1520 1598 
1521 1587 
1522 1570 
1523 1589 
1524 1605 
1525 1709 
1526 1600 
1527 1596 
1528 1628 
1529 1597 
1530 1588 
1531 1600 
1532 1602 
1533 1571 
1534 1591 
1535 1601 
1536 31 
1537 605 
1538 709 
1539 489 
1540 486 
1541 500 
1542 490 
1543 494 
1544 496 
1545 508 
1546 806 
1547 657 
1548 667 
1549 657 
1550 658 
1551 127 
1552 21 
1553 173 
1554 174 
1555 175 
1556 177 
1557 179 
1558 417 
1559 184 
1560 238 
1561 374 
1562 433 
1563 368 
1564 376 
1565 422 
1566 426 
1567 452 
1568 452 
1569 493 
1570 496 
1571 2091 
1572 322 
1573 332 
1574 2197 
1575 343 
1576 2163 
1577 2264 
1578 2285 
1579 2316 
1580 416 
1581 17 
1582 18 
1583 395 
1584 513 
1585 751 
1586 754 
1587 612 
1588 628 
1589 775 
1590 657 
1591 675 
1592 676 
1593 847 
1594 672 
1595 674 
1596 697 
1597 707 
1598 888 
1599 1186 
1600 33 
1601 29 
1602 513 
1603 514 
1604 519 
1605 530 
1606 667 
1607 588 
1608 667 
1609 833 
1610 747 
1611 806 
1612 823 
1613 845 
1614 894 
1615 872 
1616 890 
1617 915 
1618 910 
1619 909 
1620 911 
1621 922 
1622 940 
1623 965 
1624 793 
1625 889 
1626 858 
1627 925 
1628 835 
1629 894 
1630 938 
1631 1014 
1632 990 
1633 957 
1634 1007 
1635 994 
1636 1037 
1637 1047 
1638 1049 
1639 1106 
1640 1009 
1641 1022 
1642 1025 
1643 1032 
1644 1040 
1645 1038 
1646 1046 
1647 1039 
1648 1043 
1649 1046 
1650 1104 
1651 1146 
1652 1062 
1653 1072 
1654 1092 
1655 1081 
1656 1083 
1657 1207 
1658 1123 
1659 1249 
1660 1156 
1661 1225 
1662 1195 
1663 1249 
1664 1314 
1665 1274 
1666 1232 
1667 1251 
1668 1241 
1669 1240 
1670 1252 
1671 1206 
1672 1211 
1673 1293 
1674 1273 
1675 1262 
1676 1245 
1677 1217 
1678 1219 
1679 1219 
1680 1255 
1681 1242 
1682 1266 
1683 6400 
1684 1393 
1685 1399 
1686 1401 
1687 1429 
1688 1420 
1689 1420 
1690 1453 
1691 1446 
1692 1369 
1693 1382 
1694 1385 
1695 5901 
1696 1392 
1697 1395 
1698 1384 
1699 1339 
1700 1430 
1701 1543 
1702 1359 
1703 1397 
1704 1369 
1705 1368 
1706 1368 
1707 1370 
1708 1390 
1709 1385 
1710 1361 
1711 1381 
1712 1374 
1713 1375 
1714 1394 
1715 1415 
1716 1518 
1717 1534 
1718 1526 
1719 1546 
1720 1508 
1721 1531 
1722 1547 
1723 2352 
1724 2854 
1725 1572 
1726 1500 
1727 1504 
1728 1502 
1729 1503 
1730 1509 
1731 1549 
1732 1514 
1733 1599 
1734 1520 
1735 1515 
1736 1517 
1737 1533 
1738 787 
1739 785 
1740 764 
1741 1951 
1742 2285 
1743 2326 
1744 1441 
1745 1598 
1746 2237 
1747 1461 
1748 1556 
1749 1507 
1750 1569 
1751 1630 
1752 1675 
1753 1624 
1754 1684 
1755 1625 
1756 1627 
1757 1642 
1758 8858 
1759 1503 
1760 1504 
1761 1502 
1762 1506 
1763 1504 
1764 2390 
1765 1569 
1766 2425 
1767 1510 
1768 1554 
1769 1510 
1770 3436 
1771 1710 
1772 1478 
1773 1521 
1774 1568 
1775 1534 
1776 1494 
1777 1593 
1778 1557 
1779 1683 
1780 1642 
1781 1577 
1782 1565 
1783 1627 
1784 1571 
1785 1577 
1786 1698 
1787 1581 
1788 1638 
1789 1622 
1790 1582 
1791 2263 
1792 1085 
1793 1083 
1794 1085 
1795 1098 
1796 1090 
1797 1105 
1798 1106 
1799 938 
1800 929 
1801 823 
1802 781 
1803 785 
1804 2391 
1805 1359 
1806 1082 
1807 1268 
1808 689 
1809 696 
1810 775 
1811 1676 
1812 1692 
1813 1665 
1814 1729 
1815 1698 
1816 1739 
1817 1868 
1818 1856 
1819 1878 
1820 1926 
1821 1961 
1822 1354 
1823 1588 
1824 1300 
1825 1366 
1826 1295 
1827 1292 
1828 1346 
1829 1640 
1830 1302 
1831 1410 
1832 1485 
1833 1747 
1834 1593 
1835 1533 
1836 1913 
1837 1780 
1838 2508 
1839 1634 
1840 1731 
1841 1764 
1842 1990 
1843 1659 
1844 2027 
1845 1829 
1846 1665 
1847 2138 
1848 1671 
1849 1681 
1850 1734 
1851 2166 
1852 2180 
1853 1918 
1854 1890 
1855 2893 
1856 1685 
1857 1707 
1858 2249 
1859 1691 
1860 2426 
1861 1871 
1862 1924 
1863 1694 
1864 1834 
1865 1774 
1866 1793 
1867 2033 
1868 1696 
1869 1879 
1870 1988 
1871 1703 
1872 2032 
1873 1737 
1874 2177 
1875 2014 
1876 1725 
1877 1740 
1878 1737 
1879 1758 
1880 1777 
1881 2184 
1882 2151 
1883 1802 
1884 2185 
1885 2730 
1886 2181 
1887 1772 
1888 1778 
1889 2047 
1890 1781 
1891 1803 
1892 1795 
1893 1841 
1894 2030 
1895 2092 
1896 1907 
1897 1967 
1898 2978 
1899 1980 
1900 2195 
1901 2227 
1902 1849 
1903 1793 
1904 1943 
1905 1835 
1906 1927 
1907 1908 
1908 2012 
1909 2287 
1910 1790 
1911 1899 
1912 1800 
1913 1836 
1914 2224 
1915 1841 
1916 2071 
1917 2088 
1918 6260 
1919 2300 
1920 1942 
1921 2213 
1922 1894 
1923 1877 
1924 2086 
1925 2020 
1926 1857 
1927 1811 
1928 1836 
1929 1972 
1930 2204 
1931 2106 
1932 2273 
1933 1932 
1934 1832 
1935 1833 
1936 1845 
1937 2293 
1938 2110 
1939 1856 
1940 2062 
1941 1851 
1942 2194 
1943 2050 
1944 2088 
1945 2100 
1946 2200 
1947 2492 
1948 2004 
1949 2335 
1950 1408 
1951 1416 
1952 1414 
1953 1419 
1954 1432 
1955 1440 
1956 1468 
1957 1468 
1958 1544 
1959 1550 
1960 1554 
1961 1553 
1962 1567 
1963 1574 
1964 1602 
1965 1589 
1966 1590 
1967 1654 
1968 1660 
1969 1671 
1970 1667 
1971 1708 
1972 1675 
1973 1684 
1974 1708 
1975 1742 
1976 1775 
1977 1062 
1978 1226 
1979 1227 
1980 1236 
1981 1237 
1982 1239 
1983 1238 
1984 1239 
1985 1238 
1986 1239 
1987 1241 
1988 1101 
1989 1242 
1990 1237 
1991 1238 
1992 1242 
1993 1244 
1994 1245 
1995 1260 
1996 1259 
1997 1083 
1998 1087 
1999 7071 
2000 1908 
2001 1921 
2002 6338 
2003 2211 
2004 4804 
2005 4147 
2006 2727 
2007 4504 
2008 4092 
2009 2269 
2010 4431 
2011 2825 
2012 1218 
2013 1032 
2014 1046 
2015 1018 
2016 1025 
2017 1021 
2018 1032 
2019 1043 
2020 1090 
2021 1064 
2022 1053 
2023 1052 
2024 1049 
2025 1056 
2026 1050 
2027 1073 
2028 1052 
2029 1157 
2030 1056 
2031 1052 
2032 1124 
2033 1174 
2034 1074 
2035 1200 
2036 1061 
2037 1074 
2038 1129 
2039 1085 
2040 1093 
2041 1089 
2042 1096 
2043 1111 
2044 1104 
2045 1114 
2046 1085 
2047 1108 
2048 1114 
2049 1111 
2050 1116 
2051 1176 
2052 1111 
2053 1111 
2054 1117 
2055 1128 
2056 1116 
2057 1121 
2058 1113 
2059 1105 
2060 1100 
2061 1195 
2062 1116 
2063 1126 
2064 1114 
2065 1137 
2066 1173 
2067 1131 
2068 1108 
2069 1114 
2070 1117 
2071 1145 
2072 1233 
2073 1119 
2074 1150 
2075 1129 
2076 1245 
2077 1241 
2078 1234 
2079 1232 
2080 1237 
2081 1241 
2082 1130 
2083 1137 
2084 1140 
2085 1144 
2086 1152 
2087 838 
2088 831 
2089 837 
2090 849 
2091 869 
2092 870 
2093 871 
2094 869 
2095 872 
2096 757 
2097 748 
2098 756 
2099 722 
2100 872 
2101 908 
2102 995 
2103 932 
2104 1030 
2105 1133 
2106 915 
2107 911 
2108 856 
2109 943 
2110 926 
2111 1085 
2112 877 
2113 2225 
2114 2265 
2115 908 
2116 895 
2117 910 
2118 900 
2119 750 
2120 903 
2121 909 
2122 788 
2123 919 
2124 918 
2125 918 
2126 918 
2127 928 
2128 917 
2129 901 
2130 1000 
2131 800 
2132 925 
2133 920 
2134 753 
2135 924 
2136 930 
2137 919 
2138 920 
2139 910 
2140 936 
2141 936 
2142 941 
2143 945 
2144 942 
2145 946 
2146 777 
2147 950 
2148 947 
2149 951 
2150 954 
2151 940 
2152 920 
2153 954 
2154 914 
2155 960 
2156 959 
2157 956 
2158 963 
2159 964 
2160 912 
2161 966 
2162 969 
2163 1012 
2164 964 
2165 968 
2166 968 
2167 972 
2168 973 
2169 982 
2170 1032 
2171 974 
2172 1023 
2173 800 
2174 865 
2175 689 
2176 699 
2177 710 
2178 627 
2179 763 
2180 737 
2181 732 
2182 738 
2183 575 
2184 516 
2185 590 
2186 430 
2187 460 
2188 404 
2189 4206 
2190 1122 
2191 1600 
2192 1605 
2193 1606 
2194 1114 
2195 1258 
2196 1252 
2197 1174 
2198 1179 
2199 1237 
2200 1179 
2201 781 
2202 240 
2203 483 
2204 484 
2205 202 
2206 1293 
2207 1238 
2208 1324 
2209 1262 
2210 1340 
2211 1365 
2212 1436 
2213 292 
2214 324 
2215 344 
2216 344 
2217 497 
2218 362 
2219 1116 
2220 17 
2221 233 
2222 224 
2223 225 
2224 228 
2225 229 
2226 1166 
2227 1492 
2228 1185 
2229 1156 
2230 1192 
2231 1196 
2232 1190 
2233 1289 
2234 1198 
2235 1228 
2236 1186 
2237 1506 
2238 1247 
2239 1166 
2240 1195 
2241 1245 
2242 1247 
2243 25 
2244 175 
2245 179 
2246 33 
2247 115 
2248 63 
2249 62 
2250 127 
2251 1277 
2252 1282 
2253 1465 
2254 1297 
2255 1284 
2256 1564 
2257 1296 
2258 1292 
2259 1290 
2260 1364 
2261 1297 
2262 1301 
2263 1298 
2264 1779 
2265 1306 
2266 1406 
2267 1319 
2268 1335 
2269 1333 
2270 1347 
2271 1337 
2272 1750 
2273 1352 
2274 1349 
2275 1350 
2276 180 
2277 108 
2278 94 
2279 11598 
2280 11598 
2281 11603 
2282 11584 
2283 11592 
2284 11590 
2285 11575 
2286 302 
2287 257 
2288 267 
2289 290 
2290 275 
2291 270 
2292 268 
2293 292 
2294 288 
2295 297 
2296 43 
2297 218 
2298 218 
2299 210 
2300 234 
2301 220 
2302 222 
2303 240 
2304 232 
2305 281 
2306 287 
2307 275 
2308 467 
2309 277 
2310 283 
2311 164 
2312 68 
2313 70 
2314 68 
2315 68 
2316 68 
2317 76 
2318 75 
2319 73 
2320 74 
2321 74 
2322 81 
2323 73 
2324 76 
2325 79 
2326 79 
2327 80 
2328 284 
2329 194 
2330 287 
2331 210 
2332 198 
2333 337 
2334 204 
2335 265 
2336 304 
2337 207 
2338 338 
2339 303 
2340 205 
2341 76 
2342 28 
2343 37 
2344 19 
2345 286 
2346 236 
2347 226 
2348 247 
2349 226 
2350 236 
2351 241 
2352 232 
2353 262 
2354 52 
2355 173 
2356 38 
2357 225 
2358 40 
2359 118 
2360 873 
2361 26 
2362 46 
2363 1309 
2364 1299 
2365 1320 
2366 1316 
2367 1293 
2368 1366 
2369 1006 
2370 1019 
2371 1021 
2372 1007 
2373 1008 
2374 1013 
2375 1021 
2376 1016 
2377 1016 
2378 1013 
2379 1026 
2380 1017 
2381 1039 
2382 1016 
2383 1023 
2384 188 
2385 190 
2386 189 
2387 191 
2388 74 
2389 71 
2390 71 
2391 72 
2392 76 
2393 74 
2394 80 
2395 78 
2396 82 
2397 31 
2398 49 
2399 54 
2400 70 
2401 69 
2402 69 
2403 61 
2404 74 
2405 72 
2406 73 
2407 76 
2408 80 
2409 75 
2410 67 
2411 78 
2412 86 
2413 83 
2414 81 
2415 71 
2416 76 
2417 84 
2418 78 
2419 90 
2420 93 
2421 127 
2422 132 
2423 1631 
2424 1628 
2425 113 
2426 237 
2427 198 
2428 217 
2429 199 
2430 208 
2431 200 
2432 214 
2433 184 
2434 252 
2435 206 
2436 375 
2437 225 
2438 318 
2439 18 
2440 46 
2441 231 
2442 181 
2443 229 
2444 111 
2445 167 
2446 136 
2447 196 
2448 121 
2449 137 
2450 129 
2451 121 
2452 129 
2453 177 
2454 137 
2455 86 
2456 105 
2457 97 
2458 135 
2459 95 
2460 93 
2461 104 
2462 93 
2463 145 
2464 97 
2465 97 
2466 143 
2467 98 
2468 99 
2469 147 
2470 192 
2471 103 
2472 162 
2473 155 
2474 147 
2475 124 
2476 105 
2477 258 
2478 109 
2479 134 
2480 122 
2481 154 
2482 163 
2483 146 
2484 112 
2485 111 
2486 126 
2487 116 
2488 118 
2489 129 
2490 121 
2491 119 
2492 119 
2493 123 
2494 140 
2495 147 
2496 133 
2497 155 
2498 177 
2499 130 
2500 274 
2501 130 
2502 133 
2503 155 
2504 78 
2505 74 
2506 242 
2507 245 
2508 254 
2509 259 
2510 262 
2511 225 
2512 293 
2513 312 
2514 296 
2515 229 
2516 318 
2517 356 
2518 349 
2519 391 
2520 407 
2521 376 
2522 381 
2523 421 
2524 340 
2525 401 
2526 436 
2527 450 
2528 423 
2529 414 
2530 444 
2531 505 
2532 483 
2533 458 
2534 477 
2535 484 
2536 548 
2537 499 
2538 573 
2539 504 
2540 580 
2541 557 
2542 565 
2543 576 
2544 568 
2545 556 
2546 593 
2547 573 
2548 546 
2549 580 
2550 600 
2551 616 
2552 590 
2553 655 
2554 617 
2555 643 
2556 599 
2557 599 
2558 640 
2559 639 
2560 596 
2561 594 
2562 599 
2563 680 
2564 641 
2565 677 
2566 626 
2567 609 
2568 706 
2569 660 
2570 737 
2571 725 
2572 815 
2573 643 
2574 647 
2575 700 
2576 708 
2577 701 
2578 736 
2579 730 
2580 743 
2581 711 
2582 744 
2583 706 
2584 719 
2585 698 
2586 755 
2587 757 
2588 721 
2589 738 
2590 765 
2591 733 
2592 792 
2593 743 
2594 752 
2595 773 
2596 756 
2597 759 
2598 799 
2599 785 
2600 806 
2601 784 
2602 836 
2603 797 
2604 802 
2605 805 
2606 875 
2607 890 
2608 863 
2609 806 
2610 1098 
2611 102 
2612 229 
2613 273 
2614 238 
2615 166 
2616 197 
2617 145 
2618 306 
2619 355 
2620 269 
2621 359 
2622 319 
2623 254 
2624 147 
2625 219 
2626 278 
2627 279 
2628 206 
2629 241 
2630 451 
2631 260 
2632 175 
2633 353 
2634 253 
2635 220 
2636 221 
2637 218 
2638 279 
2639 288 
2640 299 
2641 263 
2642 227 
2643 251 
2644 283 
2645 228 
2646 230 
2647 235 
2648 173 
2649 427 
2650 274 
2651 172 
2652 178 
2653 241 
2654 256 
2655 317 
2656 312 
2657 324 
2658 251 
2659 255 
2660 285 
2661 220 
2662 565 
2663 252 
2664 147 
2665 845 
2666 830 
2667 622 
2668 622 
2669 634 
2670 918 
2671 738 
2672 739 
2673 242 
2674 207 
2675 139 
2676 81 
2677 102 
2678 315 
2679 357 
2680 309 
2681 306 
2682 306 
2683 322 
2684 309 
2685 310 
2686 320 
2687 314 
2688 327 
2689 318 
2690 328 
2691 387 
2692 322 
2693 325 
2694 327 
2695 331 
2696 324 
2697 395 
2698 328 
2699 332 
2700 332 
2701 242 
2702 247 
2703 251 
2704 242 
2705 258 
2706 247 
2707 251 
2708 252 
2709 261 
2710 260 
2711 284 
2712 258 
2713 254 
2714 272 
2715 287 
2716 260 
2717 264 
2718 261 
2719 262 
2720 272 
2721 263 
2722 265 
2723 264 
2724 279 
2725 268 
2726 299 
2727 318 
2728 284 
2729 273 
2730 350 
2731 212 
2732 213 
2733 218 
2734 215 
2735 246 
2736 230 
2737 220 
2738 223 
2739 231 
2740 245 
2741 225 
2742 258 
2743 254 
2744 239 
2745 230 
2746 230 
2747 236 
2748 344 
2749 275 
2750 272 
2751 247 
2752 245 
2753 236 
2754 240 
2755 241 
2756 241 
2757 239 
2758 245 
2759 241 
2760 247 
2761 244 
2762 299 
2763 293 
2764 293 
2765 288 
2766 305 
2767 289 
2768 291 
2769 295 
2770 304 
2771 303 
2772 298 
2773 307 
2774 301 
2775 304 
2776 307 
2777 308 
2778 372 
2779 336 
2780 376 
2781 335 
2782 336 
2783 325 
2784 341 
2785 328 
2786 334 
2787 329 
2788 356 
2789 334 
2790 345 
2791 333 
2792 345 
2793 338 
2794 361 
2795 341 
2796 342 
2797 340 
2798 346 
2799 344 
2800 357 
2801 351 
2802 352 
2803 387 
2804 350 
2805 353 
2806 356 
2807 366 
2808 355 
2809 356 
2810 356 
2811 2153 
2812 227 
2813 241 
2814 229 
2815 249 
2816 235 
2817 235 
2818 234 
2819 239 
2820 299 
2821 300 
2822 246 
2823 241 
2824 294 
2825 242 
2826 242 
2827 296 
2828 249 
2829 252 
2830 254 
2831 253 
2832 289 
2833 263 
2834 273 
2835 457 
2836 443 
2837 457 
2838 460 
2839 456 
2840 466 
2841 470 
2842 460 
2843 474 
2844 479 
2845 467 
2846 476 
2847 479 
2848 482 
2849 483 
2850 500 
2851 496 
2852 488 
2853 508 
2854 508 
2855 488 
2856 501 
2857 501 
2858 485 
2859 493 
2860 493 
2861 496 
2862 503 
2863 495 
2864 497 
2865 517 
2866 524 
2867 504 
2868 519 
2869 505 
2870 514 
2871 510 
2872 505 
2873 521 
2874 519 
2875 514 
2876 526 
2877 527 
2878 528 
2879 532 
2880 522 
2881 531 
2882 533 
2883 533 
2884 534 
2885 533 
2886 539 
2887 537 
2888 539 
2889 534 
2890 533 
2891 527 
2892 534 
2893 541 
2894 536 
2895 543 
2896 549 
2897 547 
2898 553 
2899 544 
2900 552 
2901 562 
2902 553 
2903 553 
2904 555 
2905 545 
2906 561 
2907 548 
2908 561 
2909 548 
2910 569 
2911 556 
2912 560 
2913 555 
2914 558 
2915 563 
2916 569 
2917 576 
2918 572 
2919 577 
2920 568 
2921 600 
2922 602 
2923 610 
2924 620 
2925 598 
2926 599 
2927 602 
2928 599 
2929 608 
2930 402 
2931 341 
2932 346 
2933 11670 
2934 11705 
2935 11705 
2936 11704 
2937 11681 
2938 839 
2939 339 
2940 261 
2941 498 
2942 425 
2943 425 
2944 296 
2945 458 
2946 523 
2947 288 
2948 444 
2949 275 
2950 280 
2951 267 
2952 288 
2953 290 
2954 290 
2955 284 
2956 283 
2957 283 
2958 296 
2959 1763 
2960 1004 
2961 997 
2962 1012 
2963 1413 
2964 1011 
2965 1025 
2966 1029 
2967 1017 
2968 1026 
2969 1015 
2970 1040 
2971 1017 
2972 1025 
2973 1020 
2974 1039 
2975 1382 
2976 1030 
2977 1027 
2978 1019 
2979 1043 
2980 1030 
2981 1044 
2982 1050 
2983 1051 
2984 1030 
2985 1051 
2986 1049 
2987 1046 
2988 1034 
2989 1391 
2990 1077 
2991 1066 
2992 1047 
2993 1054 
2994 1423 
2995 1053 
2996 1069 
2997 1089 
2998 1078 
2999 1416 
3000 1088 
3001 1088 
3002 1090 
3003 1094 
3004 1084 
3005 1148 
3006 1165 
3007 1136 
3008 1160 
3009 1265 
3010 1152 
3011 1142 
3012 1142 
3013 1153 
3014 1158 
3015 1157 
3016 1154 
3017 1149 
3018 1160 
3019 1545 
3020 1167 
3021 1172 
3022 1165 
3023 1166 
3024 1272 
3025 1176 
3026 1168 
3027 1186 
3028 1171 
3029 1160 
3030 1560 
3031 1179 
3032 1177 
3033 1173 
3034 1562 
3035 1177 
3036 1193 
3037 1172 
3038 1199 
3039 1189 
3040 1180 
3041 1189 
3042 1202 
3043 1184 
3044 1178 
3045 1204 
3046 1184 
3047 1185 
3048 1196 
3049 1188 
3050 1191 
3051 1195 
3052 1550 
3053 1208 
3054 1186 
3055 1201 
3056 1550 
3057 1209 
3058 1187 
3059 1198 
3060 1583 
3061 1339 
3062 1195 
3063 1540 
3064 1203 
3065 1216 
3066 1208 
3067 1206 
3068 1311 
3069 1229 
3070 1204 
3071 1217 
3072 1203 
3073 1229 
3074 1651 
3075 1569 
3076 1205 
3077 1246 
3078 1585 
3079 1218 
3080 1222 
3081 1211 
3082 1231 
3083 1218 
3084 1325 
3085 1217 
3086 1590 
3087 1225 
3088 1220 
3089 1245 
3090 1600 
3091 1224 
3092 1220 
3093 1227 
3094 1242 
3095 1240 
3096 1230 
3097 1259 
3098 1629 
3099 1252 
3100 1247 
3101 1259 
3102 1607 
3103 1243 
3104 1238 
3105 1266 
3106 1244 
3107 1247 
3108 1237 
3109 1238 
3110 1626 
3111 1260 
3112 1260 
3113 1615 
3114 1263 
3115 1533 
3116 1258 
3117 1369 
3118 1274 
3119 1616 
3120 1260 
3121 1265 
3122 1283 
3123 1376 
3124 1272 
3125 1282 
3126 1635 
3127 1266 
3128 1278 
3129 1267 
3130 1269 
3131 1351 
3132 1311 
3133 1281 
3134 1286 
3135 1289 
3136 1280 
3137 1280 
3138 1267 
3139 1292 
3140 1268 
3141 1317 
3142 1650 
3143 1298 
3144 1283 
3145 1293 
3146 1644 
3147 1277 
3148 1289 
3149 1287 
3150 1292 
3151 1292 
3152 1294 
3153 1652 
3154 1282 
3155 1298 
3156 1290 
3157 1309 
3158 1305 
3159 1314 
3160 1291 
3161 1300 
3162 1311 
3163 1307 
3164 1297 
3165 1429 
3166 1318 
3167 1318 
3168 1308 
3169 1742 
3170 1312 
3171 1323 
3172 1310 
3173 1318 
3174 1304 
3175 1328 
3176 1320 
3177 1317 
3178 1459 
3179 1320 
3180 1325 
3181 1329 
3182 1323 
3183 1317 
3184 1325 
3185 1338 
3186 1341 
3187 1326 
3188 1331 
3189 1327 
3190 1344 
3191 1343 
3192 1344 
3193 1351 
3194 1352 
3195 1700 
3196 1339 
3197 1325 
3198 1330 
3199 1350 
3200 1348 
3201 1728 
3202 1342 
3203 1336 
3204 1352 
3205 1343 
3206 1700 
3207 1340 
3208 1340 
3209 1341 
3210 1360 
3211 1366 
3212 1340 
3213 1361 
3214 1356 
3215 1722 
3216 1375 
3217 1351 
3218 1376 
3219 1388 
3220 1368 
3221 1724 
3222 1382 
3223 1397 
3224 1366 
3225 1722 
3226 1777 
3227 1375 
3228 1390 
3229 1743 
3230 1360 
3231 1374 
3232 1391 
3233 1367 
3234 748 
3235 10611 
3236 519 
3237 521 
3238 572 
3239 533 
3240 513 
3241 545 
3242 519 
3243 531 
3244 539 
3245 566 
3246 543 
3247 544 
3248 524 
3249 545 
3250 533 
3251 528 
3252 618 
3253 536 
3254 542 
3255 543 
3256 539 
3257 545 
3258 608 
3259 542 
3260 548 
3261 543 
3262 604 
3263 547 
3264 537 
3265 549 
3266 544 
3267 626 
3268 550 
3269 547 
3270 553 
3271 547 
3272 545 
3273 550 
3274 595 
3275 552 
3276 549 
3277 564 
3278 561 
3279 558 
3280 636 
3281 566 
3282 557 
3283 559 
3284 561 
3285 575 
3286 574 
3287 596 
3288 571 
3289 491 
3290 464 
3291 411 
3292 10422 
3293 927 
3294 926 
3295 902 
3296 908 
3297 998 
3298 924 
3299 906 
3300 904 
3301 905 
3302 1100 
3303 941 
3304 968 
3305 898 
3306 927 
3307 910 
3308 931 
3309 922 
3310 912 
3311 918 
3312 1062 
3313 946 
3314 918 
3315 920 
3316 1164 
3317 944 
3318 1294 
3319 918 
3320 960 
3321 934 
3322 935 
3323 936 
3324 934 
3325 949 
3326 1347 
3327 982 
3328 1004 
3329 3059 
3330 1206 
3331 940 
3332 937 
3333 937 
3334 1059 
3335 1006 
3336 1251 
3337 991 
3338 1024 
3339 946 
3340 943 
3341 951 
3342 1305 
3343 2056 
3344 1121 
3345 945 
3346 1127 
3347 1027 
3348 989 
3349 1172 
3350 953 
3351 959 
3352 960 
3353 991 
3354 967 
3355 1700 
3356 963 
3357 1124 
3358 971 
3359 963 
3360 969 
3361 1004 
3362 983 
3363 972 
3364 1312 
3365 977 
3366 954 
3367 980 
3368 1075 
3369 974 
3370 981 
3371 971 
3372 1612 
3373 1098 
3374 981 
3375 1222 
3376 1093 
3377 1006 
3378 990 
3379 978 
3380 989 
3381 1011 
3382 1125 
3383 1078 
3384 1465 
3385 1193 
3386 2228 
3387 999 
3388 1022 
3389 995 
3390 1006 
3391 4669 
3392 995 
3393 997 
3394 1097 
3395 999 
3396 1827 
3397 1151 
3398 1129 
3399 1002 
3400 1009 
3401 1003 
3402 4681 
3403 1026 
3404 3011 
3405 1029 
3406 1022 
3407 1093 
3408 1049 
3409 1156 
3410 1475 
3411 1314 
3412 1138 
3413 1022 
3414 1085 
3415 1167 
3416 1162 
3417 1149 
3418 1062 
3419 1203 
3420 1011 
3421 1258 
3422 1189 
3423 1168 
3424 2093 
3425 1550 
3426 1569 
3427 1552 
3428 1508 
3429 1816 
3430 1575 
3431 1593 
3432 1727 
3433 1597 
3434 1512 
3435 1669 
3436 1657 
3437 1603 
3438 1598 
3439 484 
3440 608 
3441 598 
3442 600 
3443 601 
3444 457 
3445 456 
3446 440 
3447 484 
3448 463 
3449 461 
3450 490 
3451 500 
3452 467 
3453 583 
3454 490 
3455 502 
3456 463 
3457 492 
3458 512 
3459 486 
3460 476 
3461 570 
3462 482 
3463 482 
3464 480 
3465 470 
3466 474 
3467 475 
3468 476 
3469 485 
3470 498 
3471 478 
3472 503 
3473 499 
3474 495 
3475 511 
3476 502 
3477 540 
3478 493 
3479 516 
3480 496 
3481 556 
3482 520 
3483 616 
3484 501 
3485 521 
3486 493 
3487 528 
3488 495 
3489 497 
3490 599 
3491 506 
3492 510 
3493 529 
3494 510 
3495 528 
3496 517 
3497 530 
3498 518 
3499 516 
3500 511 
3501 532 
3502 535 
3503 515 
3504 519 
3505 524 
3506 518 
3507 520 
3508 517 
3509 519 
3510 520 
3511 538 
3512 553 
3513 598 
3514 539 
3515 431 
3516 1159 
3517 1168 
3518 1187 
3519 1197 
3520 1223 
3521 1213 
3522 1235 
3523 1243 
3524 1238 
3525 1248 
3526 1241 
3527 1251 
3528 1250 
3529 1258 
3530 1258 
3531 1264 
3532 1282 
3533 1275 
3534 1319 
3535 1336 
3536 10052 
3537 10031 
3538 367 
3539 2980 
3540 2988 
3541 2969 
3542 2969 
3543 2993 
3544 2977 
3545 2984 
3546 2987 
3547 2995 
3548 2989 
3549 2991 
3550 9912 
3551 1303 
3552 470 
3553 538 
3554 462 
3555 499 
3556 488 
3557 484 
3558 466 
3559 483 
3560 506 
3561 436 
3562 452 
3563 467 
3564 474 
3565 479 
3566 476 
3567 434 
3568 701 
3569 435 
3570 318 
3571 477 
3572 574 
3573 483 
3574 353 
3575 493 
3576 488 
3577 466 
3578 379 
3579 489 
3580 369 
3581 469 
3582 563 
3583 419 
3584 365 
3585 499 
3586 382 
3587 468 
3588 381 
3589 503 
3590 675 
3591 510 
3592 515 
3593 502 
3594 708 
3595 506 
3596 506 
3597 513 
3598 507 
3599 508 
3600 510 
3601 515 
3602 467 
3603 531 
3604 460 
3605 484 
3606 742 
3607 525 
3608 533 
3609 505 
3610 319 
3611 403 
3612 432 
3613 507 
3614 490 
3615 566 
3616 499 
3617 444 
3618 244 
3619 409 
3620 504 
3621 434 
3622 462 
3623 177 
3624 222 
3625 190 
3626 504 
3627 562 
3628 200 
3629 460 
3630 562 
3631 546 
3632 581 
3633 218 
3634 534 
3635 206 
3636 463 
3637 548 
3638 203 
3639 548 
3640 213 
3641 210 
3642 207 
3643 209 
3644 478 
3645 215 
3646 217 
3647 209 
3648 215 
3649 861 
3650 214 
3651 223 
3652 494 
3653 478 
3654 218 
3655 279 
3656 217 
3657 218 
3658 228 
3659 220 
3660 472 
3661 218 
3662 218 
3663 229 
3664 230 
3665 231 
3666 232 
3667 223 
3668 225 
3669 231 
3670 222 
3671 222 
3672 221 
3673 227 
3674 224 
3675 234 
3676 231 
3677 203 
3678 217 
3679 214 
3680 220 
3681 119 
3682 107 
3683 108 
3684 105 
3685 111 
3686 113 
3687 107 
3688 124 
3689 112 
3690 128 
3691 114 
3692 117 
3693 121 
3694 132 
3695 117 
3696 123 
3697 125 
3698 136 
3699 124 
3700 117 
3701 43 
3702 743 
3703 39 
3704 29 
3705 35 
3706 22 
3707 38 
3708 44 
3709 45 
3710 40 
3711 40 
3712 34 
3713 39 
3714 32 
3715 41 
3716 45 
3717 38 
3718 43 
3719 46 
3720 56 
3721 42 
3722 57 
3723 53 
3724 58 
3725 47 
3726 55 
3727 58 
3728 61 
3729 52 
3730 66 
3731 65 
3732 59 
3733 76 
3734 62 
3735 88 
3736 95 
3737 86 
3738 96 
3739 100 
3740 103 
3741 86 
3742 100 
3743 117 
3744 111 
3745 102 
3746 158 
3747 111 
3748 95 
3749 110 
3750 108 
3751 109 
3752 125 
3753 105 
3754 107 
3755 115 
3756 109 
3757 110 
3758 127 
3759 131 
3760 107 
3761 136 
3762 122 
3763 149 
3764 133 
3765 116 
3766 131 
3767 132 
3768 127 
3769 125 
3770 141 
3771 124 
3772 128 
3773 134 
3774 126 
3775 138 
3776 126 
3777 135 
3778 142 
3779 175 
3780 133 
3781 128 
3782 145 
3783 148 
3784 162 
3785 146 
3786 142 
3787 145 
3788 146 
3789 123 
3790 129 
3791 131 
3792 150 
3793 136 
3794 132 
3795 153 
3796 9142 
3797 98 
3798 20 
3799 42 
3800 153 
3801 153 
3802 153 
3803 155 
3804 156 
3805 157 
3806 259 
3807 25 
3808 9677 
3809 9944 
3810 9917 
3811 9628 
3812 9594 
3813 9569 
3814 9565 
3815 9595 
3816 9480 
3817 9464 
3818 9713 
3819 9662 
3820 9593 
3821 9532 
3822 9500 
3823 9627 
3824 9477 
3825 9607 
3826 9695 
3827 158 
3828 138 
3829 128 
3830 2286 
3831 219 
3832 18 
3833 131 
3834 34 
3835 621 
3836 599 
3837 648 
3838 675 
3839 695 
3840 814 
3841 671 
3842 624 
3843 634 
3844 618 
3845 666 
3846 618 
3847 647 
3848 657 
3849 621 
3850 626 
3851 473 
3852 798 
3853 490 
3854 513 
3855 524 
3856 518 
3857 501 
3858 517 
3859 463 
3860 529 
3861 529 
3862 504 
3863 483 
3864 509 
3865 554 
3866 524 
3867 528 
3868 565 
3869 458 
3870 521 
3871 514 
3872 537 
3873 516 
3874 519 
3875 544 
3876 503 
3877 528 
3878 516 
3879 585 
3880 540 
3881 478 
3882 685 
3883 543 
3884 489 
3885 539 
3886 544 
3887 529 
3888 560 
3889 534 
3890 540 
3891 770 
3892 546 
3893 543 
3894 550 
3895 509 
3896 558 
3897 533 
3898 699 
3899 566 
3900 533 
3901 518 
3902 580 
3903 523 
3904 563 
3905 556 
3906 545 
3907 659 
3908 546 
3909 562 
3910 565 
3911 568 
3912 571 
3913 563 
3914 650 
3915 521 
3916 559 
3917 576 
3918 527 
3919 556 
3920 577 
3921 578 
3922 554 
3923 561 
3924 550 
3925 594 
3926 568 
3927 597 
3928 561 
3929 566 
3930 604 
3931 563 
3932 598 
3933 592 
3934 597 
3935 592 
3936 576 
3937 572 
3938 567 
3939 576 
3940 582 
3941 572 
3942 575 
3943 604 
3944 615 
3945 579 
3946 580 
3947 598 
3948 647 
3949 591 
3950 608 
3951 594 
3952 609 
3953 619 
3954 602 
3955 600 
3956 595 
3957 577 
3958 612 
3959 657 
3960 587 
3961 631 
3962 597 
3963 620 
3964 812 
3965 626 
3966 621 
3967 615 
3968 630 
3969 612 
3970 623 
3971 631 
3972 608 
3973 617 
3974 646 
3975 631 
3976 837 
3977 627 
3978 639 
3979 633 
3980 642 
3981 631 
3982 634 
3983 636 
3984 648 
3985 637 
3986 638 
3987 623 
3988 618 
3989 642 
3990 593 
3991 646 
3992 598 
3993 623 
3994 895 
3995 653 
3996 630 
3997 650 
3998 636 
3999 653 
4000 645 
4001 768 
4002 661 
4003 639 
4004 680 
4005 691 
4006 640 
4007 652 
4008 664 
4009 975 
4010 648 
4011 724 
4012 656 
4013 670 
4014 671 
4015 665 
4016 672 
4017 656 
4018 652 
4019 684 
4020 670 
4021 661 
4022 675 
4023 660 
4024 687 
4025 624 
4026 672 
4027 689 
4028 689 
4029 664 
4030 648 
4031 666 
4032 678 
4033 691 
4034 711 
4035 792 
4036 644 
4037 691 
4038 664 
4039 673 
4040 697 
4041 730 
4042 705 
4043 694 
4044 702 
4045 653 
4046 700 
4047 690 
4048 687 
4049 681 
4050 690 
4051 686 
4052 683 
4053 696 
4054 672 
4055 719 
4056 693 
4057 686 
4058 687 
4059 667 
4060 702 
4061 728 
4062 698 
4063 680 
4064 714 
4065 728 
4066 802 
4067 746 
4068 704 
4069 767 
4070 676 
4071 857 
4072 671 
4073 733 
4074 730 
4075 711 
4076 733 
4077 756 
4078 720 
4079 749 
4080 714 
4081 731 
4082 719 
4083 720 
4084 809 
4085 787 
4086 723 
4087 888 
4088 722 
4089 788 
4090 771 
4091 745 
4092 730 
4093 718 
4094 699 
4095 726 
4096 823 
4097 908 
4098 756 
4099 738 
4100 733 
4101 724 
4102 738 
4103 736 
4104 723 
4105 755 
4106 748 
4107 749 
4108 717 
4109 752 
4110 730 
4111 714 
4112 738 
4113 748 
4114 949 
4115 740 
4116 881 
4117 752 
4118 775 
4119 785 
4120 736 
4121 783 
4122 781 
4123 803 
4124 805 
4125 759 
4126 803 
4127 826 
4128 790 
4129 788 
4130 769 
4131 924 
4132 761 
4133 777 
4134 1051 
4135 772 
4136 790 
4137 791 
4138 802 
4139 826 
4140 775 
4141 760 
4142 759 
4143 806 
4144 808 
4145 801 
4146 814 
4147 767 
4148 756 
4149 766 
4150 780 
4151 794 
4152 819 
4153 822 
4154 820 
4155 813 
4156 1064 
4157 803 
4158 824 
4159 777 
4160 871 
4161 807 
4162 816 
4163 815 
4164 824 
4165 870 
4166 802 
4167 812 
4168 813 
4169 833 
4170 897 
4171 808 
4172 806 
4173 806 
4174 805 
4175 821 
4176 782 
4177 814 
4178 786 
4179 816 
4180 863 
4181 843 
4182 779 
4183 813 
4184 775 
4185 811 
4186 815 
4187 817 
4188 839 
4189 854 
4190 845 
4191 843 
4192 848 
4193 833 
4194 832 
4195 853 
4196 852 
4197 853 
4198 856 
4199 849 
4200 844 
4201 996 
4202 852 
4203 857 
4204 862 
4205 844 
4206 923 
4207 846 
4208 861 
4209 863 
4210 864 
4211 862 
4212 875 
4213 770 
4214 776 
4215 760 
4216 451 
4217 431 
4218 457 
4219 432 
4220 435 
4221 435 
4222 461 
4223 454 
4224 439 
4225 440 
4226 458 
4227 528 
4228 505 
4229 457 
4230 449 
4231 445 
4232 752 
4233 746 
4234 744 
4235 772 
4236 432 
4237 475 
4238 546 
4239 546 
4240 548 
4241 546 
4242 548 
4243 554 
4244 551 
4245 474 
4246 496 
4247 2300 
4248 303 
4249 311 
4250 312 
4251 307 
4252 308 
4253 308 
4254 316 
4255 318 
4256 316 
4257 314 
4258 313 
4259 319 
4260 316 
4261 319 
4262 319 
4263 323 
4264 322 
4265 322 
4266 323 
4267 327 
4268 329 
4269 323 
4270 329 
4271 326 
4272 333 
4273 331 
4274 327 
4275 331 
4276 336 
4277 333 
4278 338 
4279 334 
4280 341 
4281 338 
4282 340 
4283 342 
4284 345 
4285 2143 
4286 2139 
4287 2157 
4288 2142 
4289 479 
4290 250 
4291 944 
4292 419 
4293 398 
4294 529 
4295 604 
4296 2400 
4297 2341 
4298 2358 
4299 2395 
4300 2358 
4301 2357 
4302 2354 
4303 2402 
4304 2345 
4305 2352 
4306 2350 
4307 2365 
4308 2368 
4309 2369 
4310 2311 
4311 460 
4312 473 
4313 473 
4314 454 
4315 478 
4316 463 
4317 460 
4318 462 
4319 458 
4320 460 
4321 480 
4322 476 
4323 463 
4324 463 
4325 469 
4326 479 
4327 504 
4328 501 
4329 492 
4330 473 
4331 467 
4332 459 
4333 465 
4334 566 
4335 485 
4336 489 
4337 588 
4338 475 
4339 493 
4340 460 
4341 472 
4342 460 
4343 467 
4344 474 
4345 524 
4346 484 
4347 491 
4348 499 
4349 497 
4350 561 
4351 474 
4352 494 
4353 485 
4354 479 
4355 478 
4356 536 
4357 475 
4358 482 
4359 503 
4360 504 
4361 611 
4362 509 
4363 582 
4364 502 
4365 501 
4366 509 
4367 502 
4368 207 
4369 111 
4370 7419 
4371 3601 
4372 3573 
4373 3574 
4374 3587 
4375 3583 
4376 3583 
4377 3613 
4378 3596 
4379 3590 
4380 3579 
4381 3584 
4382 3612 
4383 3584 
4384 3611 
4385 3584 
4386 3586 
4387 3586 
4388 3593 
4389 3589 
4390 59 
4391 770 
4392 794 
4393 784 
4394 1559 
4395 783 
4396 794 
4397 786 
4398 849 
4399 1414 
4400 844 
4401 877 
4402 1175 
4403 780 
4404 794 
4405 790 
4406 915 
4407 786 
4408 1257 
4409 801 
4410 897 
4411 804 
4412 813 
4413 807 
4414 858 
4415 828 
4416 1152 
4417 804 
4418 857 
4419 834 
4420 829 
4421 821 
4422 808 
4423 845 
4424 866 
4425 810 
4426 1191 
4427 816 
4428 1102 
4429 1555 
4430 846 
4431 823 
4432 822 
4433 3232 
4434 1222 
4435 983 
4436 943 
4437 940 
4438 1015 
4439 839 
4440 1880 
4441 896 
4442 846 
4443 893 
4444 868 
4445 1312 
4446 852 
4447 1129 
4448 1012 
4449 893 
4450 862 
4451 1109 
4452 3249 
4453 863 
4454 870 
4455 3251 
4456 1103 
4457 865 
4458 851 
4459 1019 
4460 962 
4461 926 
4462 963 
4463 853 
4464 940 
4465 885 
4466 923 
4467 907 
4468 879 
4469 893 
4470 950 
4471 1907 
4472 1248 
4473 1126 
4474 887 
4475 872 
4476 941 
4477 1334 
4478 898 
4479 901 
4480 896 
4481 1128 
4482 875 
4483 906 
4484 1875 
4485 894 
4486 891 
4487 915 
4488 886 
4489 934 
4490 965 
4491 969 
4492 1077 
4493 1020 
4494 1025 
4495 930 
4496 1215 
4497 908 
4498 920 
4499 955 
4500 233 
4501 229 
4502 184 
4503 202 
4504 198 
4505 173 
4506 172 
4507 190 
4508 177 
4509 177 
4510 183 
4511 181 
4512 187 
4513 187 
4514 180 
4515 216 
4516 201 
4517 206 
4518 213 
4519 218 
4520 219 
4521 210 
4522 207 
4523 222 
4524 199 
4525 196 
4526 214 
4527 225 
4528 225 
4529 229 
4530 230 
4531 200 
4532 200 
4533 206 
4534 232 
4535 233 
4536 233 
4537 238 
4538 233 
4539 237 
4540 234 
4541 239 
4542 215 
4543 216 
4544 228 
4545 234 
4546 240 
4547 219 
4548 213 
4549 223 
4550 238 
4551 238 
4552 251 
4553 293 
4554 288 
4555 285 
4556 285 
4557 290 
4558 290 
4559 288 
4560 288 
4561 287 
4562 296 
4563 296 
4564 298 
4565 320 
4566 293 
4567 297 
4568 297 
4569 298 
4570 308 
4571 300 
4572 298 
4573 300 
4574 296 
4575 303 
4576 306 
4577 306 
4578 311 
4579 307 
4580 309 
4581 309 
4582 315 
4583 312 
4584 315 
4585 314 
4586 327 
4587 314 
4588 315 
4589 308 
4590 319 
4591 334 
4592 312 
4593 322 
4594 350 
4595 324 
4596 326 
4597 327 
4598 328 
4599 327 
4600 331 
4601 327 
4602 230 
4603 198 
4604 186 
4605 142 
4606 3325 
4607 7063 
4608 7138 
4609 7104 
4610 7004 
4611 6995 
4612 7216 
4613 7155 
4614 7095 
4615 7152 
4616 7102 
4617 6992 
4618 7214 
4619 7114 
4620 7112 
4621 7224 
4622 7150 
4623 7174 
4624 7118 
4625 7112 
4626 7223 
4627 7141 
4628 7288 
4629 7111 
4630 7157 
4631 7146 
4632 7152 
4633 7028 
4634 7175 
4635 7124 
4636 7148 
4637 7163 
4638 7084 
4639 7073 
4640 7141 
4641 7038 
4642 7158 
4643 7178 
4644 7156 
4645 7159 
4646 7031 
4647 7248 
4648 7186 
4649 7188 
4650 7254 
4651 7282 
4652 7248 
4653 7258 
4654 7307 
4655 7189 
4656 7197 
4657 7042 
4658 7133 
4659 7156 
4660 7182 
4661 7045 
4662 7185 
4663 7180 
4664 7268 
4665 7187 
4666 7039 
4667 7171 
4668 7172 
4669 7125 
4670 7210 
4671 7051 
4672 7212 
4673 7176 
4674 7158 
4675 7202 
4676 7177 
4677 7084 
4678 7304 
4679 7163 
4680 7144 
4681 7211 
4682 7205 
4683 7199 
4684 7325 
4685 7187 
4686 7064 
4687 7082 
4688 7322 
4689 7172 
4690 7181 
4691 7172 
4692 7218 
4693 7089 
4694 7089 
4695 7182 
4696 7089 
4697 7298 
4698 7328 
4699 7072 
4700 7176 
4701 7176 
4702 7223 
4703 7239 
4704 7091 
4705 7115 
4706 7198 
4707 7227 
4708 7259 
4709 7164 
4710 7256 
4711 7250 
4712 7087 
4713 7249 
4714 7159 
4715 7198 
4716 7231 
4717 7338 
4718 7170 
4719 7144 
4720 7226 
4721 7282 
4722 7239 
4723 7368 
4724 7208 
4725 7387 
4726 7277 
4727 7232 
4728 7238 
4729 7330 
4730 7215 
4731 7275 
4732 7212 
4733 7318 
4734 7356 
4735 7246 
4736 7227 
4737 7317 
4738 7266 
4739 7225 
4740 7237 
4741 7336 
4742 7226 
4743 7226 
4744 7254 
4745 7127 
4746 7259 
4747 7149 
4748 7353 
4749 7264 
4750 7127 
4751 7333 
4752 7280 
4753 7354 
4754 7271 
4755 7224 
4756 7272 
4757 7256 
4758 7227 
4759 7325 
4760 7281 
4761 7356 
4762 7258 
4763 7246 
4764 7299 
4765 7277 
4766 7288 
4767 7389 
4768 7302 
4769 7254 
4770 7343 
4771 7272 
4772 7256 
4773 7316 
4774 7277 
4775 7301 
4776 7191 
4777 7278 
4778 7262 
4779 7424 
4780 7273 
4781 7319 
4782 7298 
4783 7323 
4784 7321 
4785 7445 
4786 7321 
4787 7218 
4788 7274 
4789 7280 
4790 7384 
4791 7275 
4792 7415 
4793 7335 
4794 7171 
4795 7411 
4796 7290 
4797 7262 
4798 7341 
4799 7295 
4800 7318 
4801 7194 
4802 7424 
4803 7294 
4804 7225 
4805 7398 
4806 7429 
4807 7200 
4808 7335 
4809 7470 
4810 7380 
4811 7302 
4812 7425 
4813 7207 
4814 7427 
4815 7282 
4816 7303 
4817 7312 
4818 7276 
4819 7405 
4820 7285 
4821 7302 
4822 7344 
4823 7328 
4824 7329 
4825 7209 
4826 7352 
4827 7271 
4828 608 
4829 599 
4830 600 
4831 602 
4832 599 
4833 603 
4834 561 
4835 650 
4836 7365 
4837 531 
4838 511 
4839 532 
4840 512 
4841 513 
4842 518 
4843 521 
4844 521 
4845 555 
4846 519 
4847 539 
4848 526 
4849 524 
4850 514 
4851 527 
4852 4270 
4853 5358 
4854 6428 
4855 7506 
4856 8195 
4857 8172 
4858 8160 
4859 8184 
4860 8173 
4861 8197 
4862 8249 
4863 378 
4864 809 
4865 297 
4866 344 
4867 289 
4868 297 
4869 2078 
4870 2083 
4871 2080 
4872 2086 
4873 2081 
4874 2105 
4875 2106 
4876 2085 
4877 2090 
4878 2110 
4879 2089 
4880 2093 
4881 2100 
4882 2093 
4883 2103 
4884 2115 
4885 2105 
4886 2094 
4887 2095 
4888 2098 
4889 2108 
4890 2104 
4891 2121 
4892 2123 
4893 2100 
4894 2115 
4895 2107 
4896 2114 
4897 2110 
4898 2109 
4899 2109 
4900 2108 
4901 2115 
4902 2114 
4903 2113 
4904 2117 
4905 2119 
4906 2131 
4907 2130 
4908 2116 
4909 2119 
4910 2118 
4911 2120 
4912 2124 
4913 2124 
4914 2122 
4915 2127 
4916 2128 
4917 2130 
4918 2137 
4919 201 
4920 198 
4921 533 
4922 489 
4923 761 
4924 806 
4925 776 
4926 775 
4927 790 
4928 760 
4929 761 
4930 767 
4931 765 
4932 768 
4933 766 
4934 785 
4935 772 
4936 769 
4937 786 
4938 815 
4939 809 
4940 781 
4941 792 
4942 797 
4943 775 
4944 803 
4945 799 
4946 807 
4947 779 
4948 780 
4949 779 
4950 784 
4951 802 
4952 788 
4953 796 
4954 828 
4955 791 
4956 799 
4957 789 
4958 819 
4959 806 
4960 796 
4961 794 
4962 796 
4963 818 
4964 801 
4965 799 
4966 816 
4967 835 
4968 802 
4969 817 
4970 804 
4971 813 
4972 835 
4973 805 
4974 807 
4975 826 
4976 825 
4977 815 
4978 848 
4979 821 
4980 836 
4981 858 
4982 838 
4983 819 
4984 816 
4985 840 
4986 824 
4987 862 
4988 824 
4989 821 
4990 836 
4991 824 
4992 830 
4993 843 
4994 828 
4995 855 
4996 819 
4997 832 
4998 829 
4999 838 
5000 842 
5001 852 
5002 843 
5003 835 
5004 864 
5005 841 
5006 871 
5007 853 
5008 873 
5009 841 
5010 841 
5011 858 
5012 843 
5013 868 
5014 864 
5015 848 
5016 871 
5017 883 
5018 857 
5019 894 
5020 851 
5021 853 
5022 877 
5023 870 
5024 891 
5025 900 
5026 874 
5027 863 
5028 870 
5029 861 
5030 861 
5031 868 
5032 866 
5033 863 
5034 884 
5035 877 
5036 869 
5037 874 
5038 905 
5039 899 
5040 875 
5041 873 
5042 879 
5043 924 
5044 910 
5045 881 
5046 878 
5047 902 
5048 884 
5049 897 
5050 945 
5051 993 
5052 986 
5053 986 
5054 991 
5055 990 
5056 969 
5057 1000 
5058 1003 
5059 993 
5060 998 
5061 1002 
5062 999 
5063 1021 
5064 1020 
5065 1039 
5066 1016 
5067 1033 
5068 1043 
5069 1021 
5070 1027 
5071 1028 
5072 1048 
5073 1086 
5074 1049 
5075 1076 
5076 1063 
5077 1055 
5078 1073 
5079 1071 
5080 1069 
5081 1075 
5082 1065 
5083 1071 
5084 1090 
5085 1076 
5086 1092 
5087 1097 
5088 1088 
5089 1084 
5090 1103 
5091 1108 
5092 1094 
5093 1111 
5094 1099 
5095 1105 
5096 1109 
5097 1136 
5098 1105 
5099 1123 
5100 1121 
5101 1131 
5102 1124 
5103 1116 
5104 1125 
5105 1125 
5106 1151 
5107 1150 
5108 1137 
5109 1141 
5110 1149 
5111 1153 
5112 1152 
5113 1175 
5114 1189 
5115 1172 
5116 1184 
5117 1192 
5118 1253 
5119 1240 
5120 1243 
5121 1240 
5122 1259 
5123 1280 
5124 1308 
5125 1333 
5126 1325 
5127 1333 
5128 1337 
5129 1338 
5130 1413 
5131 1386 
5132 1385 
5133 1375 
5134 1396 
5135 1385 
5136 1392 
5137 1405 
5138 1382 
5139 1408 
5140 1419 
5141 1410 
5142 1401 
5143 1400 
5144 1423 
5145 1401 
5146 1405 
5147 1420 
5148 1421 
5149 1432 
5150 1423 
5151 1396 
5152 1434 
5153 1452 
5154 1427 
5155 1402 
5156 1420 
5157 1438 
5158 1423 
5159 1451 
5160 1424 
5161 1445 
5162 1432 
5163 1436 
5164 1448 
5165 1431 
5166 1457 
5167 1440 
5168 1461 
5169 1438 
5170 1433 
5171 1449 
5172 1437 
5173 1447 
5174 1448 
5175 1452 
5176 1438 
5177 1456 
5178 1441 
5179 1452 
5180 1441 
5181 1489 
5182 1445 
5183 1442 
5184 1454 
5185 1449 
5186 1463 
5187 1451 
5188 1452 
5189 1455 
5190 1458 
5191 1468 
5192 1465 
5193 1453 
5194 1495 
5195 1457 
5196 1504 
5197 1474 
5198 1455 
5199 493 
5200 494 
5201 462 
5202 503 
5203 477 
5204 803 
5205 532 
5206 459 
5207 530 
5208 459 
5209 523 
5210 320 
5211 541 
5212 581 
5213 580 
5214 489 
5215 625 
5216 555 
5217 561 
5218 575 
5219 585 
5220 613 
5221 664 
5222 558 
5223 641 
5224 578 
5225 584 
5226 568 
5227 585 
5228 697 
5229 581 
5230 714 
5231 576 
5232 587 
5233 596 
5234 1594 
5235 589 
5236 598 
5237 625 
5238 611 
5239 571 
5240 619 
5241 585 
5242 609 
5243 609 
5244 604 
5245 822 
5246 606 
5247 594 
5248 590 
5249 594 
5250 606 
5251 492 
5252 590 
5253 605 
5254 598 
5255 608 
5256 603 
5257 600 
5258 677 
5259 628 
5260 596 
5261 634 
5262 659 
5263 656 
5264 549 
5265 623 
5266 624 
5267 629 
5268 575 
5269 399 
5270 500 
5271 504 
5272 526 
5273 542 
5274 603 
5275 432 
5276 429 
5277 435 
5278 434 
5279 438 
5280 426 
5281 427 
5282 320 
5283 300 
5284 298 
5285 303 
5286 304 
5287 304 
5288 228 
5289 171 
5290 321 
5291 323 
5292 323 
5293 187 
5294 304 
5295 166 
5296 164 
5297 166 
5298 169 
5299 201 
5300 187 
5301 123 
5302 140 
5303 274 
5304 86 
5305 987 
5306 1076 
5307 863 
5308 869 
5309 896 
5310 678 
5311 687 
5312 679 
5313 22 
5314 105 
5315 21 
5316 340 
5317 302 
5318 5198 
5319 79 
5320 83 
5321 86 
5322 5908 
5323 159 
5324 66 
5325 4808 
5326 4840 
5327 4777 
5328 4797 
5329 4845 
5330 4873 
5331 4779 
5332 5007 
5333 4803 
5334 4808 
5335 4778 
5336 4840 
5337 22 
5338 200 
5339 268 
5340 110 
5341 192 
5342 941 
5343 927 
5344 931 
5345 925 
5346 947 
5347 931 
5348 925 
5349 944 
5350 956 
5351 922 
5352 929 
5353 925 
5354 931 
5355 929 
5356 933 
5357 935 
5358 961 
5359 967 
5360 1003 
5361 932 
5362 966 
5363 938 
5364 1059 
5365 966 
5366 1077 
5367 945 
5368 943 
5369 972 
5370 956 
5371 980 
5372 974 
5373 944 
5374 953 
5375 1062 
5376 967 
5377 962 
5378 1005 
5379 957 
5380 1061 
5381 980 
5382 966 
5383 1049 
5384 956 
5385 963 
5386 967 
5387 971 
5388 979 
5389 1104 
5390 977 
5391 998 
5392 989 
5393 976 
5394 1060 
5395 1009 
5396 971 
5397 1006 
5398 996 
5399 985 
5400 991 
5401 985 
5402 977 
5403 1070 
5404 986 
5405 990 
5406 977 
5407 1014 
5408 993 
5409 1006 
5410 993 
5411 995 
5412 995 
5413 986 
5414 999 
5415 987 
5416 1021 
5417 996 
5418 1017 
5419 1001 
5420 1166 
5421 1003 
5422 997 
5423 1010 
5424 998 
5425 996 
5426 1000 
5427 1011 
5428 1014 
5429 1002 
5430 1015 
5431 1008 
5432 1021 
5433 1035 
5434 1010 
5435 1009 
5436 1038 
5437 1010 
5438 1044 
5439 1041 
5440 1042 
5441 1012 
5442 1015 
5443 1045 
5444 1022 
5445 1049 
5446 1025 
5447 1031 
5448 1034 
5449 1025 
5450 1082 
5451 1024 
5452 1031 
5453 1028 
5454 1060 
5455 1046 
5456 1040 
5457 615 
5458 90 
5459 65 
5460 205 
5461 25 
5462 27 
5463 36 
5464 26 
5465 39 
5466 29 
5467 43 
5468 26 
5469 27 
5470 30 
5471 40 
5472 35 
5473 41 
5474 47 
5475 50 
5476 50 
5477 43 
5478 46 
5479 62 
5480 58 
5481 56 
5482 74 
5483 66 
5484 61 
5485 70 
5486 74 
5487 63 
5488 66 
5489 77 
5490 71 
5491 71 
5492 81 
5493 74 
5494 73 
5495 77 
5496 73 
5497 138 
5498 145 
5499 125 
5500 139 
5501 139 
5502 158 
5503 159 
5504 162 
5505 150 
5506 151 
5507 140 
5508 158 
5509 161 
5510 133 
5511 161 
5512 160 
5513 160 
5514 159 
5515 163 
5516 208 
5517 198 
5518 243 
5519 223 
5520 220 
5521 219 
5522 225 
5523 246 
5524 242 
5525 239 
5526 235 
5527 239 
5528 237 
5529 219 
5530 244 
5531 265 
5532 245 
5533 244 
5534 247 
5535 248 
5536 261 
5537 260 
5538 293 
5539 261 
5540 288 
5541 269 
5542 304 
5543 295 
5544 297 
5545 299 
5546 307 
5547 315 
5548 329 
5549 317 
5550 335 
5551 296 
5552 384 
5553 323 
5554 310 
5555 321 
5556 98 
5557 99 
5558 100 
5559 102 
5560 106 
5561 108 
5562 107 
5563 126 
5564 128 
5565 115 
5566 119 
5567 130 
5568 129 
5569 133 
5570 131 
5571 129 
5572 153 
5573 142 
5574 135 
5575 148 
5576 139 
5577 186 
5578 137 
5579 605 
5580 28 
5581 94 
5582 76 
5583 51 
5584 5259 
5585 27 
5586 37 
5587 29 
5588 58 
5589 53 
5590 56 
5591 57 
5592 62 
5593 62 
5594 64 
5595 62 
5596 64 
5597 61 
5598 68 
5599 65 
5600 64 
5601 25 
5602 24 
5603 76 
5604 74 
5605 233 
5606 187 
5607 230 
5608 112 
5609 166 
5610 122 
5611 194 
5612 77 
5613 123 
5614 124 
5615 125 
5616 82 
5617 137 
5618 118 
5619 129 
5620 144 
5621 121 
5622 132 
5623 127 
5624 126 
5625 87 
5626 102 
5627 87 
5628 87 
5629 86 
5630 89 
5631 124 
5632 140 
5633 92 
5634 179 
5635 142 
5636 146 
5637 141 
5638 152 
5639 150 
5640 149 
5641 173 
5642 108 
5643 103 
5644 152 
5645 104 
5646 110 
5647 155 
5648 107 
5649 128 
5650 109 
5651 154 
5652 116 
5653 130 
5654 116 
5655 114 
5656 118 
5657 148 
5658 115 
5659 118 
5660 152 
5661 254 
5662 174 
5663 175 
5664 169 
5665 185 
5666 128 
5667 142 
5668 7482 
5669 7530 
5670 7499 
5671 7509 
5672 7505 
5673 7563 
5674 7508 
5675 7503 
5676 7517 
5677 7507 
5678 7506 
5679 7511 
5680 7485 
5681 7522 
5682 7483 
5683 7522 
5684 7535 
5685 7518 
5686 7514 
5687 7521 
5688 7516 
5689 7522 
5690 7503 
5691 7519 
5692 7529 
5693 7537 
5694 7507 
5695 7536 
5696 7530 
5697 7527 
5698 7533 
5699 7531 
5700 7508 
5701 7553 
5702 7532 
5703 7543 
5704 7548 
5705 7538 
5706 7536 
5707 7548 
5708 385 
5709 257 
5710 202 
5711 356 
5712 155 
5713 291 
5714 2401 
5715 40 
5716 36 
5717 35 
5718 24 
5719 43 
5720 27 
5721 41 
5722 33 
5723 51 
5724 36 
5725 33 
5726 1909 
5727 1955 
5728 2003 
5729 1942 
5730 1906 
5731 1905 
5732 1957 
5733 1982 
5734 2021 
5735 1935 
5736 1939 
5737 1916 
5738 1933 
5739 1935 
5740 1947 
5741 1947 
5742 1927 
5743 1924 
5744 2355 
5745 1940 
5746 2060 
5747 1957 
5748 1939 
5749 1944 
5750 1934 
5751 1943 
5752 1957 
5753 1933 
5754 1988 
5755 1930 
5756 1956 
5757 1989 
5758 1969 
5759 2024 
5760 2050 
5761 2108 
5762 2004 
5763 1966 
5764 2029 
5765 2256 
5766 1946 
5767 1943 
5768 2071 
5769 1987 
5770 1961 
5771 1953 
5772 2385 
5773 1995 
5774 1996 
5775 1991 
5776 2020 
5777 1999 
5778 2046 
5779 1983 
5780 1965 
5781 1975 
5782 1961 
5783 1958 
5784 1963 
5785 1948 
5786 1989 
5787 2151 
5788 2011 
5789 2191 
5790 2288 
5791 2013 
5792 2007 
5793 2408 
5794 2029 
5795 2277 
5796 2019 
5797 2006 
5798 2079 
5799 2001 
5800 2029 
5801 2005 
5802 1981 
5803 2014 
5804 2051 
5805 2045 
5806 2046 
5807 2121 
5808 2116 
5809 2084 
5810 2013 
5811 2040 
5812 2006 
5813 2113 
5814 2371 
5815 2000 
5816 2308 
5817 2077 
5818 2038 
5819 2331 
5820 2164 
5821 2010 
5822 2087 
5823 2056 
5824 2154 
5825 2066 
5826 2191 
5827 2047 
5828 2006 
5829 2031 
5830 2040 
5831 2002 
5832 2083 
5833 2054 
5834 2019 
5835 2059 
5836 2017 
5837 2312 
5838 2052 
5839 2010 
5840 2262 
5841 2082 
5842 2067 
5843 2400 
5844 2456 
5845 2067 
5846 2133 
5847 2098 
5848 2050 
5849 2060 
5850 2027 
5851 2072 
5852 2467 
5853 2467 
5854 2257 
5855 2092 
5856 2101 
5857 2122 
5858 2092 
5859 2125 
5860 2070 
5861 2095 
5862 337 
5863 324 
5864 218 
5865 342 
5866 329 
5867 331 
5868 174 
5869 77 
5870 110 
5871 114 
5872 113 
5873 88 
5874 95 
5875 99 
5876 93 
5877 90 
5878 96 
5879 114 
5880 98 
5881 105 
5882 107 
5883 120 
5884 109 
5885 105 
5886 99 
5887 105 
5888 105 
5889 126 
5890 116 
5891 116 
5892 46 
5893 178 
5894 187 
5895 184 
5896 155 
5897 101 
5898 117 
5899 130 
5900 150 
5901 151 
5902 113 
5903 144 
5904 125 
5905 197 
5906 124 
5907 219 
5908 77 
5909 156 
5910 127 
5911 80 
5912 80 
5913 91 
5914 106 
5915 87 
5916 92 
5917 97 
5918 88 
5919 91 
5920 98 
5921 104 
5922 105 
5923 113 
5924 138 
5925 293 
5926 145 
5927 104 
5928 140 
5929 143 
5930 144 
5931 145 
5932 294 
5933 125 
5934 300 
5935 124 
5936 114 
5937 104 
5938 105 
5939 111 
5940 110 
5941 119 
5942 120 
5943 115 
5944 117 
5945 126 
5946 108 
5947 120 
5948 131 
5949 214 
5950 179 
5951 66 
5952 236 
5953 23 
5954 764 
5955 762 
5956 757 
5957 768 
5958 750 
5959 769 
5960 775 
5961 767 
5962 776 
5963 768 
5964 773 
5965 766 
5966 772 
5967 60 
5968 634 
5969 374 
5970 215 
5971 216 
5972 217 
5973 218 
5974 74 
5975 74 
5976 88 
5977 109 
5978 107 
5979 86 
5980 101 
5981 89 
5982 90 
5983 90 
5984 130 
5985 94 
5986 88 
5987 132 
5988 118 
5989 98 
5990 103 
5991 101 
5992 116 
5993 99 
5994 104 
5995 115 
5996 99 
5997 143 
5998 118 
5999 43 
6000 176 
6001 175 
6002 178 
6003 183 
6004 179 
6005 110 
6006 116 
6007 494 
6008 116 
6009 603 
6010 697 
6011 723 
6012 751 
6013 812 
6014 907 
6015 934 
6016 957 
6017 1017 
6018 1113 
6019 1105 
6020 61 
6021 64 
6022 74 
6023 68 
6024 74 
6025 69 
6026 81 
6027 68 
6028 83 
6029 70 
6030 73 
6031 84 
6032 77 
6033 84 
6034 1151 
6035 1215 
6036 1301 
6037 1306 
6038 1360 
6039 1443 
6040 1529 
6041 1703 
6042 1754 
6043 1746 
6044 1825 
6045 2004 
6046 2012 
6047 2038 
6048 2054 
6049 2110 
6050 2306 
6051 2300 
6052 2173 
6053 2189 
6054 197 
6055 203 
6056 201 
6057 223 
6058 203 
6059 254 
6060 2529 
6061 2608 
6062 160 
6063 2856 
6064 2694 
6065 125 
6066 129 
6067 154 
6068 58 
6069 78 
6070 83 
6071 59 
6072 61 
6073 83 
6074 79 
6075 79 
6076 95 
6077 71 
6078 70 
6079 84 
6080 72 
6081 102 
6082 76 
6083 88 
6084 73 
6085 73 
6086 80 
6087 97 
6088 87 
6089 79 
6090 90 
6091 85 
6092 93 
6093 123 
6094 94 
6095 97 
6096 108 
6097 106 
6098 131 
6099 132 
6100 92 
6101 111 
6102 111 
6103 103 
6104 110 
6105 114 
6106 96 
6107 111 
6108 98 
6109 105 
6110 102 
6111 104 
6112 125 
6113 125 
6114 146 
6115 147 
6116 2427 
6117 2603 
6118 2671 
6119 2748 
6120 796 
6121 753 
6122 660 
6123 679 
6124 191 
6125 214 
6126 249 
6127 227 
6128 213 
6129 210 
6130 252 
6131 210 
6132 212 
6133 242 
6134 2835 
6135 307 
6136 338 
6137 574 
6138 71 
6139 107 
6140 86 
6141 99 
6142 83 
6143 2951 
6144 2947 
6145 3015 
6146 3186 
6147 3270 
6148 1317 
6149 3006 
6150 2982 
6151 3038 
6152 3045 
6153 3048 
6154 3054 
6155 3090 
6156 3101 
6157 3158 
6158 3167 
6159 3167 
6160 3172 
6161 3176 
6162 3181 
6163 3186 
6164 3188 
6165 3173 
6166 3139 
6167 3144 
6168 3161 
6169 3148 
6170 3156 
6171 3181 
6172 3194 
6173 3207 
6174 3204 
6175 3222 
6176 3234 
6177 3318 
6178 3214 
6179 3228 
6180 3471 
6181 1705 
6182 1772 
6183 1704 
6184 2026 
6185 1705 
6186 1792 
6187 1719 
6188 1982 
6189 1710 
6190 1995 
6191 1730 
6192 1888 
6193 1721 
6194 1802 
6195 2048 
6196 1729 
6197 1780 
6198 1731 
6199 2027 
6200 1758 
6201 1944 
6202 1795 
6203 2139 
6204 1761 
6205 1748 
6206 1727 
6207 1893 
6208 2002 
6209 1728 
6210 1851 
6211 1796 
6212 1857 
6213 2357 
6214 2344 
6215 2041 
6216 2043 
6217 1965 
6218 1966 
6219 2352 
6220 2065 
6221 2226 
6222 1996 
6223 2031 
6224 2248 
6225 1970 
6226 2159 
6227 2043 
6228 2144 
6229 2192 
6230 2477 
6231 2136 
6232 2316 
6233 2154 
6234 2216 
6235 2513 
6236 2503 
6237 2987 
6238 3190 
6239 3040 
6240 2815 
6241 2812 
6242 2937 
6243 2939 
6244 2911 
6245 2809 
6246 3086 
6247 3286 
6248 2838 
6249 2923 
6250 2904 
6251 2963 
6252 2993 
6253 2864 
6254 3288 
6255 3018 
6256 2868 
6257 2848 
6258 2847 
6259 3296 
6260 2875 
6261 3129 
6262 3248 
6263 3138 
6264 3089 
6265 3240 
6266 2859 
6267 3118 
6268 3226 
6269 2944 
6270 2959 
6271 2877 
6272 2839 
6273 3018 
6274 2849 
6275 3020 
6276 2890 
6277 3128 
6278 2922 
6279 3201 
6280 3099 
6281 2893 
6282 3028 
6283 2928 
6284 3010 
6285 3059 
6286 3102 
6287 3386 
6288 3386 
6289 3392 
6290 3435 
6291 3440 
6292 3442 
6293 3443 
6294 3444 
6295 4329 
6296 1138 
6297 1145 
6298 1153 
6299 1143 
6300 1144 
6301 1147 
6302 1156 
6303 1148 
6304 1158 
6305 1152 
6306 1155 
6307 1158 
6308 1160 
6309 1166 
6310 1160 
6311 1173 
6312 1174 
6313 1170 
6314 1171 
6315 1170 
6316 1181 
6317 1182 
6318 1186 
6319 1180 
6320 3257 
6321 1258 
6322 1314 
6323 1317 
6324 3328 
6325 1100 
6326 2753 
6327 2760 
6328 2746 
6329 2778 
6330 2864 
6331 2986 
6332 2839 
6333 2740 
6334 3198 
6335 2819 
6336 2762 
6337 2940 
6338 2849 
6339 2825 
6340 2864 
6341 2935 
6342 3459 
6343 2757 
6344 2764 
6345 2816 
6346 2806 
6347 2780 
6348 3349 
6349 2784 
6350 2827 
6351 2830 
6352 2872 
6353 2987 
6354 2822 
6355 2809 
6356 2803 
6357 2920 
6358 3021 
6359 2847 
6360 2809 
6361 2843 
6362 2971 
6363 3183 
6364 3222 
6365 2836 
6366 2877 
6367 3213 
6368 2894 
6369 2990 
6370 3516 
6371 3106 
6372 3058 
6373 3592 
6374 3034 
6375 3903 
6376 3270 
6377 3730 
6378 3284 
6379 3315 
6380 3434 
6381 3262 
6382 3239 
6383 3931 
6384 3435 
6385 3296 
6386 3394 
6387 3266 
6388 3301 
6389 3830 
6390 3362 
6391 3310 
6392 3658 
6393 3337 
6394 3456 
6395 3352 
6396 3575 
6397 3400 
6398 3645 
6399 3466 
6400 3488 
6401 3729 
6402 3622 
6403 3659 
6404 3552 
6405 3549 
6406 4177 
6407 4001 
6408 3659 
6409 3598 
6410 3834 
6411 3751 
6412 3749 
6413 3934 
6414 3749 
6415 4586 
6416 3758 
6417 4643 
6418 3957 
6419 3898 
6420 4002 
6421 3939 
6422 4418 
6423 4043 
6424 4088 
6425 4162 
6426 4113 
6427 4505 
6428 4522 
6429 4383 
6430 4387 
6431 4664 
6432 4470 
6433 1708 
6434 4297 
6435 4344 
6436 3242 
6437 2732 
6438 1773 
6439 3054 
6440 3044 
6441 3222 
6442 2667 
6443 5789 
6444 5651 
6445 6329 
6446 6280 
6447 6036 
6448 7873 
6449 7002 
6450 5928 
6451 6104 
6452 5968 
6453 5851 
6454 8245 
6455 6352 
6456 6650 
6457 5812 
6458 6316 
6459 7746 
6460 6358 
6461 6360 
6462 5912 
6463 7148 
6464 7024 
6465 6194 
6466 6616 
6467 6428 
6468 6606 
6469 6891 
6470 6248 
6471 6737 
6472 6084 
6473 5955 
6474 6333 
6475 5829 
6476 5901 
6477 6011 
6478 5695 
6479 6937 
6480 6637 
6481 6567 
6482 6451 
6483 7070 
6484 6652 
6485 6161 
6486 7661 
6487 6545 
6488 5734 
6489 7575 
6490 6126 
6491 7480 
6492 7617 
6493 6901 
6494 6968 
6495 7179 
6496 7132 
6497 7747 
6498 7564 
6499 6838 
6500 7297 
6501 7119 
6502 2867 
6503 6412 
6504 2673 
6505 2793 
6506 2792 
6507 2711 
6508 2714 
6509 2801 
6510 2712 
6511 2714 
6512 2744 
6513 2719 
6514 2731 
6515 2804 
6516 2719 
6517 2740 
6518 2743 
6519 2728 
6520 2723 
6521 2735 
6522 2726 
6523 2755 
6524 2736 
6525 2739 
6526 2743 
6527 2733 
6528 2732 
6529 2757 
6530 2732 
6531 2738 
6532 2749 
6533 2739 
6534 2771 
6535 2758 
6536 2820 
6537 2765 
6538 2760 
6539 2755 
6540 2915 
6541 2909 
6542 2834 
6543 2947 
6544 2956 
6545 2610 
6546 2835 
6547 2659 
6548 2637 
6549 2823 
6550 3537 
6551 3039 
6552 3531 
6553 3547 
6554 3554 
6555 3559 
6556 2621 
6557 2629 
6558 2635 
6559 2645 
6560 2640 
6561 2633 
6562 2629 
6563 2636 
6564 2641 
6565 2643 
6566 2638 
6567 2638 
6568 2642 
6569 2645 
6570 2651 
6571 2647 
6572 2640 
6573 6313 
6574 6498 
6575 6564 
6576 6496 
6577 5610 
6578 6903 
6579 6801 
6580 6947 
6581 6992 
6582 7282 
6583 6953 
6584 3989 
6585 6838 
6586 2810 
6587 2821 
6588 2827 
6589 2825 
6590 2829 
6591 8257 
6592 7197 
6593 6992 
6594 7112 
6595 6904 
6596 7008 
6597 5618 
6598 2801 
6599 2925 
6600 2864 
6601 2865 
6602 2850 
6603 2847 
6604 2842 
6605 2849 
6606 2842 
6607 2868 
6608 2664 
6609 2645 
6610 2644 
6611 2648 
6612 2648 
6613 2653 
6614 2652 
6615 2676 
6616 2657 
6617 2682 
6618 2701 
6619 2654 
6620 2668 
6621 2656 
6622 2671 
6623 2663 
6624 2660 
6625 2661 
6626 2689 
6627 2687 
6628 2667 
6629 2669 
6630 2684 
6631 2669 
6632 2673 
6633 2680 
6634 2672 
6635 2675 
6636 2710 
6637 2680 
6638 2677 
6639 2682 
6640 2853 
6641 2882 
6642 2863 
6643 3228 
6644 2827 
6645 2855 
6646 2742 
6647 2746 
6648 2768 
6649 2669 
6650 2668 
6651 2671 
6652 2670 
6653 2671 
6654 2673 
6655 2676 
6656 2768 
6657 3833 
6658 3835 
6659 3830 
6660 2897 
6661 2752 
6662 4102 
6663 2755 
6664 2763 
6665 2663 
6666 2560 
6667 2905 
6668 2912 
6669 2706 
6670 2711 
6671 2708 
6672 2712 
6673 2563 
6674 2917 
6675 2896 
6676 2898 
6677 2895 
6678 2554 
6679 3052 
6680 2884 
6681 2844 
6682 2851 
6683 2859 
6684 2679 
6685 2658 
6686 2638 
6687 2659 
6688 2682 
6689 2667 
6690 2649 
6691 2687 
6692 2769 
6693 2687 
6694 2738 
6695 2728 
6696 2692 
6697 2597 
6698 2592 
6699 2598 
6700 2655 
6701 2596 
6702 2678 
6703 2800 
6704 2595 
6705 2610 
6706 2674 
6707 2676 
6708 2608 
6709 2607 
6710 2720 
6711 2648 
6712 2713 
6713 2669 
6714 2609 
6715 2690 
6716 2762 
6717 2725 
6718 2606 
6719 2621 
6720 2613 
6721 2622 
6722 2656 
6723 2622 
6724 2626 
6725 2619 
6726 2707 
6727 2618 
6728 2615 
6729 2633 
6730 2708 
6731 2725 
6732 2628 
6733 2748 
6734 2696 
6735 2718 
6736 2749 
6737 2895 
6738 2703 
6739 2702 
6740 2745 
6741 2895 
6742 2891 
6743 3558 
6744 3565 
6745 2584 
6746 2590 
6747 2594 
6748 2612 
6749 2597 
6750 2610 
6751 2621 
6752 2643 
6753 2609 
6754 2631 
6755 2501 
6756 2716 
6757 2706 
6758 2739 
6759 2746 
6760 2728 
6761 2728 
6762 2749 
6763 2714 
6764 2718 
6765 2716 
6766 2771 
6767 2929 
6768 2731 
6769 2619 
6770 2728 
6771 2667 
6772 2735 
6773 2743 
6774 2743 
6775 2734 
6776 2733 
6777 2731 
6778 2755 
6779 2760 
6780 2745 
6781 2748 
6782 2823 
6783 2741 
6784 2743 
6785 2700 
6786 2749 
6787 2754 
6788 2717 
6789 2754 
6790 2744 
6791 2749 
6792 2769 
6793 2768 
6794 2802 
6795 2755 
6796 2751 
6797 2750 
6798 2793 
6799 2753 
6800 2783 
6801 2883 
6802 2882 
6803 2885 
6804 2725 
6805 2621 
6806 2579 
6807 2575 
6808 2570 
6809 2560 
6810 2540 
6811 2592 
6812 2589 
6813 2599 
6814 2603 
6815 2419 
6816 2613 
6817 2555 
6818 2556 
6819 2410 
6820 3508 
6821 2458 
6822 2451 
6823 2473 
6824 2471 
6825 2593 
6826 2596 
6827 2198 
6828 2836 
6829 2171 
6830 2615 
6831 2614 
6832 2620 
6833 2617 
6834 2531 
6835 3053 
6836 2459 
6837 2761 
6838 2755 
6839 2753 
6840 2762 
6841 2754 
6842 2807 
6843 2354 
6844 2353 
6845 2360 
6846 2356 
6847 2381 
6848 2383 
6849 2381 
6850 2362 
6851 2363 
6852 2361 
6853 2385 
6854 2376 
6855 2369 
6856 2499 
6857 2381 
6858 2370 
6859 2379 
6860 2371 
6861 2370 
6862 2494 
6863 2375 
6864 2374 
6865 2532 
6866 2376 
6867 2379 
6868 2378 
6869 2393 
6870 2380 
6871 2439 
6872 2384 
6873 2396 
6874 2393 
6875 2360 
6876 2373 
6877 2373 
6878 2364 
6879 2373 
6880 2384 
6881 2362 
6882 2362 
6883 2374 
6884 2385 
6885 2385 
6886 2372 
6887 2390 
6888 2370 
6889 2376 
6890 2392 
6891 2394 
6892 2389 
6893 2386 
6894 2394 
6895 2381 
6896 2379 
6897 2381 
6898 2382 
6899 2399 
6900 2472 
6901 2473 
6902 2471 
6903 2480 
6904 2481 
6905 2490 
6906 2478 
6907 2478 
6908 2485 
6909 2486 
6910 2481 
6911 2488 
6912 2484 
6913 2491 
6914 2483 
6915 2500 
6916 2499 
6917 2401 
6918 2421 
6919 2474 
6920 2401 
6921 2422 
6922 2483 
6923 2400 
6924 2449 
6925 2405 
6926 2425 
6927 2411 
6928 2413 
6929 2413 
6930 2412 
6931 2422 
6932 2428 
6933 2269 
6934 2507 
6935 2485 
6936 2477 
6937 2477 
6938 2469 
6939 2472 
6940 2515 
6941 2484 
6942 2484 
6943 2494 
6944 2496 
6945 2505 
6946 2500 
6947 2514 
6948 2511 
6949 2514 
6950 2504 
6951 2560 
6952 2524 
6953 2523 
6954 2594 
6955 2582 
6956 2645 
6957 2587 
6958 2581 
6959 2594 
6960 2584 
6961 2593 
6962 2592 
6963 2613 
6964 2591 
6965 2600 
6966 2614 
6967 2593 
6968 2596 
6969 2595 
6970 2402 
6971 2452 
6972 2454 
6973 2454 
6974 2456 
6975 2448 
6976 2461 
6977 2456 
6978 2454 
6979 2446 
6980 2467 
6981 2452 
6982 2452 
6983 2479 
6984 2464 
6985 2455 
6986 2458 
6987 2464 
6988 2461 
6989 2456 
6990 2503 
6991 2464 
6992 2773 
6993 2642 
6994 2795 
6995 2805 
6996 2829 
6997 3902 
6998 2077 
6999 3114 
7000 2152 
7001 2171 
7002 2334 
7003 2405 
7004 2317 
7005 2137 
7006 2509 
7007 2888 
7008 2362 
7009 2386 
7010 2174 
7011 2261 
7012 2195 
7013 2201 
7014 2263 
7015 2178 
7016 3353 
7017 3347 
7018 3349 
7019 3333 
7020 3392 
7021 3345 
7022 3393 
7023 3502 
7024 3352 
7025 3404 
7026 3470 
7027 2538 
7028 2063 
7029 3252 
7030 3237 
7031 3284 
7032 3229 
7033 3276 
7034 3272 
7035 3609 
7036 3404 
7037 3247 
7038 3345 
7039 1997 
7040 2000 
7041 2003 
7042 2007 
7043 2007 
7044 2041 
7045 2019 
7046 2182 
7047 1949 
7048 3920 
7049 3899 
7050 3819 
7051 3969 
7052 3858 
7053 4097 
7054 3953 
7055 3878 
7056 3974 
7057 4013 
7058 3990 
7059 2495 
7060 1876 
7061 2200 
7062 2163 
7063 2423 
7064 1863 
7065 1869 
7066 1868 
7067 1854 
7068 1853 
7069 1905 
7070 1866 
7071 1877 
7072 1892 
7073 1893 
7074 1879 
7075 1882 
7076 1888 
7077 1898 
7078 1890 
7079 1899 
7080 1886 
7081 1903 
7082 1897 
7083 1908 
7084 1898 
7085 1899 
7086 1907 
7087 1916 
7088 1904 
7089 1905 
7090 1902 
7091 1898 
7092 1912 
7093 1915 
7094 1912 
7095 1924 
7096 1906 
7097 1909 
7098 1927 
7099 1917 
7100 1927 
7101 1927 
7102 1926 
7103 2026 
7104 2046 
7105 2006 
7106 2040 
7107 2033 
7108 1986 
7109 2046 
7110 2026 
7111 2014 
7112 2015 
7113 2038 
7114 2051 
7115 2049 
7116 1977 
7117 2032 
7118 2036 
7119 2056 
7120 2041 
7121 2057 
7122 2073 
7123 2036 
7124 2068 
7125 1992 
7126 2055 
7127 1999 
7128 2073 
7129 2078 
7130 2072 
7131 2056 
7132 2085 
7133 2054 
7134 2077 
7135 2062 
7136 2074 
7137 2059 
7138 2066 
7139 2063 
7140 2071 
7141 2074 
7142 2068 
7143 2003 
7144 1988 
7145 1983 
7146 2013 
7147 1991 
7148 2000 
7149 2002 
7150 1989 
7151 1993 
7152 1991 
7153 1991 
7154 2008 
7155 2019 
7156 1995 
7157 1996 
7158 2007 
7159 2022 
7160 2002 
7161 2005 
7162 2023 
7163 2024 
7164 2023 
7165 2011 
7166 2027 
7167 2015 
7168 2025 
7169 2006 
7170 2040 
7171 2039 
7172 2027 
7173 2545 
7174 2107 
7175 2113 
7176 1950 
7177 1936 
7178 2240 
7179 2031 
7180 2056 
7181 2058 
7182 2058 
7183 1932 
7184 1938 
7185 2063 
7186 2060 
7187 1849 
7188 1840 
7189 1811 
7190 1799 
7191 1788 
7192 1812 
7193 1807 
7194 1803 
7195 1827 
7196 1825 
7197 1818 
7198 1813 
7199 1811 
7200 1830 
7201 1800 
7202 1826 
7203 1825 
7204 1818 
7205 1831 
7206 1828 
7207 1825 
7208 1821 
7209 1832 
7210 1827 
7211 1834 
7212 1830 
7213 1828 
7214 1854 
7215 1846 
7216 1857 
7217 1856 
7218 1852 
7219 1851 
7220 1856 
7221 1848 
7222 1862 
7223 1868 
7224 1873 
7225 1874 
7226 2211 
7227 2554 
7228 2533 
7229 1836 
7230 1932 
7231 1806 
7232 1763 
7233 1941 
7234 2190 
7235 1940 
7236 3413 
7237 1754 
7238 2149 
7239 2550 
7240 2578 
7241 2556 
7242 2554 
7243 2588 
7244 2810 
7245 2574 
7246 2804 
7247 2741 
7248 2565 
7249 2819 
7250 2951 
7251 2707 
7252 2747 
7253 2792 
7254 2567 
7255 2597 
7256 2586 
7257 2580 
7258 2759 
7259 2833 
7260 2934 
7261 2890 
7262 2936 
7263 2804 
7264 2840 
7265 2601 
7266 2837 
7267 2821 
7268 2583 
7269 2583 
7270 2824 
7271 2663 
7272 2814 
7273 2842 
7274 3247 
7275 2810 
7276 2993 
7277 2914 
7278 2686 
7279 2712 
7280 2856 
7281 2668 
7282 2614 
7283 2854 
7284 2850 
7285 2693 
7286 2677 
7287 3021 
7288 3022 
7289 2701 
7290 2643 
7291 2701 
7292 2821 
7293 2680 
7294 2711 
7295 2683 
7296 2980 
7297 2778 
7298 2888 
7299 3192 
7300 2868 
7301 2867 
7302 3073 
7303 2726 
7304 2636 
7305 2747 
7306 2876 
7307 2642 
7308 2876 
7309 2758 
7310 3007 
7311 2663 
7312 2776 
7313 2698 
7314 2923 
7315 2941 
7316 2700 
7317 2825 
7318 2955 
7319 2732 
7320 2903 
7321 2728 
7322 2716 
7323 2730 
7324 2978 
7325 2762 
7326 2661 
7327 2900 
7328 2900 
7329 2803 
7330 2749 
7331 2839 
7332 2669 
7333 3027 
7334 2841 
7335 2839 
7336 2864 
7337 2922 
7338 2866 
7339 2882 
7340 1855 
7341 2129 
7342 1932 
7343 1954 
7344 1937 
7345 1960 
7346 1910 
7347 1940 
7348 1948 
7349 1947 
7350 1906 
7351 1965 
7352 1934 
7353 1917 
7354 1952 
7355 1940 
7356 1977 
7357 1951 
7358 1856 
7359 1858 
7360 2148 
7361 1957 
7362 1866 
7363 1978 
7364 1946 
7365 1854 
7366 1949 
7367 1961 
7368 1952 
7369 1953 
7370 1955 
7371 1956 
7372 1966 
7373 1882 
7374 1971 
7375 1976 
7376 1871 
7377 1951 
7378 1993 
7379 1957 
7380 1986 
7381 2054 
7382 1953 
7383 1953 
7384 1977 
7385 1982 
7386 2028 
7387 1987 
7388 2009 
7389 1987 
7390 2079 
7391 1984 
7392 2054 
7393 1990 
7394 1976 
7395 1893 
7396 1896 
7397 1898 
7398 1899 
7399 1898 
7400 1900 
7401 1825 
7402 1904 
7403 1918 
7404 1914 
7405 1908 
7406 1915 
7407 1916 
7408 1916 
7409 1915 
7410 1916 
7411 1926 
7412 1906 
7413 1922 
7414 1920 
7415 1969 
7416 1965 
7417 1891 
7418 1935 
7419 1935 
7420 1928 
7421 1931 
7422 1914 
7423 1930 
7424 1886 
7425 1886 
7426 1928 
7427 1937 
7428 1944 
7429 1923 
7430 1911 
7431 1898 
7432 1894 
7433 1931 
7434 1906 
7435 1900 
7436 1900 
7437 1899 
7438 1915 
7439 1915 
7440 1933 
7441 1951 
7442 1950 
7443 1937 
7444 1946 
7445 1908 
7446 1953 
7447 1955 
7448 1942 
7449 1962 
7450 1927 
7451 1903 
7452 1920 
7453 1908 
7454 1920 
7455 1962 
7456 1920 
7457 1912 
7458 1944 
7459 1925 
7460 1925 
7461 1958 
7462 1989 
7463 1969 
7464 1979 
7465 1960 
7466 1981 
7467 2008 
7468 1959 
7469 1994 
7470 1925 
7471 1974 
7472 2161 
7473 2134 
7474 2090 
7475 2185 
7476 2145 
7477 2116 
7478 2052 
7479 1919 
7480 1927 
7481 2021 
7482 1945 
7483 1857 
7484 2093 
7485 2096 
7486 1869 
7487 1869 
7488 1868 
7489 1869 
7490 1869 
7491 1873 
7492 1871 
7493 1876 
7494 1876 
7495 2058 
7496 2066 
7497 2067 
7498 2066 
7499 2070 
7500 2065 
7501 2074 
7502 2072 
7503 2080 
7504 2074 
7505 2079 
7506 2075 
7507 2077 
7508 2081 
7509 2078 
7510 1799 
7511 1876 
7512 1852 
7513 1921 
7514 1908 
7515 1878 
7516 1890 
7517 1894 
7518 1998 
7519 1975 
7520 1946 
7521 2029 
7522 1953 
7523 1983 
7524 2003 
7525 2015 
7526 1993 
7527 2036 
7528 2021 
7529 2036 
7530 1995 
7531 2055 
7532 2075 
7533 2071 
7534 2084 
7535 2103 
7536 2099 
7537 2084 
7538 2091 
7539 2123 
7540 2151 
7541 2143 
7542 2229 
7543 2142 
7544 2144 
7545 2164 
7546 2157 
7547 2186 
7548 2205 
7549 2191 
7550 2209 
7551 2191 
7552 2197 
7553 2194 
7554 2216 
7555 2246 
7556 2186 
7557 2241 
7558 2232 
7559 2262 
7560 2279 
7561 2299 
7562 2244 
7563 2265 
7564 2277 
7565 2283 
7566 2288 
7567 2292 
7568 2272 
7569 2304 
7570 2314 
7571 2318 
7572 2319 
7573 2334 
7574 2303 
7575 2343 
7576 2319 
7577 2361 
7578 2328 
7579 2367 
7580 2406 
7581 2347 
7582 2364 
7583 2383 
7584 2390 
7585 2397 
7586 2408 
7587 2406 
7588 2401 
7589 2397 
7590 2412 
7591 2396 
7592 2424 
7593 2443 
7594 2439 
7595 2436 
7596 2449 
7597 2433 
7598 2447 
7599 2454 
7600 2466 
7601 2439 
7602 2491 
7603 2443 
7604 2527 
7605 2514 
7606 2492 
7607 2491 
7608 2490 
7609 2553 
7610 2537 
7611 2523 
7612 2530 
7613 2533 
7614 2538 
7615 2545 
7616 2534 
7617 2543 
7618 2111 
7619 2051 
7620 1901 
7621 1935 
7622 1918 
7623 1929 
7624 1905 
7625 1906 
7626 1910 
7627 1914 
7628 1923 
7629 1954 
7630 1937 
7631 1918 
7632 1913 
7633 1925 
7634 1925 
7635 1918 
7636 1924 
7637 1931 
7638 1924 
7639 1963 
7640 1945 
7641 2017 
7642 1993 
7643 1938 
7644 1992 
7645 1928 
7646 1931 
7647 1946 
7648 1931 
7649 1950 
7650 1949 
7651 1971 
7652 1948 
7653 1961 
7654 1946 
7655 1943 
7656 1945 
7657 1958 
7658 1945 
7659 1949 
7660 1967 
7661 2040 
7662 2073 
7663 2084 
7664 1973 
7665 2074 
7666 1977 
7667 2063 
7668 1985 
7669 1960 
7670 1959 
7671 1994 
7672 1960 
7673 1975 
7674 1998 
7675 2003 
7676 2002 
7677 2006 
7678 2007 
7679 2010 
7680 1935 
7681 1941 
7682 2825 
7683 2624 
7684 2622 
7685 2633 
7686 2625 
7687 2659 
7688 2723 
7689 2631 
7690 2633 
7691 2636 
7692 2632 
7693 2636 
7694 2638 
7695 2640 
7696 2656 
7697 2636 
7698 2643 
7699 2644 
7700 2728 
7701 2644 
7702 2648 
7703 2643 
7704 2067 
7705 1981 
7706 1853 
7707 1922 
7708 1937 
7709 1937 
7710 1927 
7711 1930 
7712 1925 
7713 1930 
7714 1875 
7715 3047 
7716 2222 
7717 2225 
7718 2215 
7719 2221 
7720 2229 
7721 2226 
7722 2233 
7723 2231 
7724 2231 
7725 2249 
7726 2242 
7727 2247 
7728 2258 
7729 2257 
7730 2257 
7731 2246 
7732 2254 
7733 2256 
7734 2245 
7735 2250 
7736 2248 
7737 2261 
7738 2267 
7739 2256 
7740 2257 
7741 2268 
7742 2268 
7743 2284 
7744 2286 
7745 2274 
7746 2280 
7747 2290 
7748 2278 
7749 2287 
7750 2290 
7751 2274 
7752 2275 
7753 2281 
7754 2283 
7755 2290 
7756 2299 
7757 2283 
7758 2291 
7759 2289 
7760 2325 
7761 2294 
7762 2290 
7763 2305 
7764 2300 
7765 2293 
7766 2291 
7767 2307 
7768 2310 
7769 2300 
7770 2312 
7771 2307 
7772 2307 
7773 2305 
7774 2302 
7775 2315 
7776 2323 
7777 2310 
7778 2390 
7779 2370 
7780 2326 
7781 2346 
7782 2315 
7783 2311 
7784 2318 
7785 2333 
7786 2329 
7787 2332 
7788 2329 
7789 2330 
7790 2333 
7791 2343 
7792 2339 
7793 2339 
7794 2340 
7795 2322 
7796 2342 
7797 2333 
7798 2334 
7799 2336 
7800 2334 
7801 2341 
7802 2427 
7803 2345 
7804 2349 
7805 2358 
7806 2356 
7807 2426 
7808 2337 
7809 2434 
7810 2346 
7811 2341 
7812 2352 
7813 2342 
7814 2364 
7815 2359 
7816 2365 
7817 2359 
7818 2351 
7819 2352 
7820 2362 
7821 2361 
7822 2358 
7823 2359 
7824 2364 
7825 2500 
7826 2499 
7827 2495 
7828 2493 
7829 2485 
7830 2467 
7831 2500 
7832 2496 
7833 2501 
7834 2352 
7835 2359 
7836 2374 
7837 2353 
7838 2349 
7839 2356 
7840 2356 
7841 2381 
7842 2354 
7843 2362 
7844 2372 
7845 2363 
7846 2378 
7847 3277 
7848 3239 
7849 3176 
7850 3236 
7851 3191 
7852 3201 
7853 3359 
7854 3402 
7855 3243 
7856 3262 
7857 3383 
7858 3234 
7859 3374 
7860 3268 
7861 3288 
7862 3289 
7863 3352 
7864 3280 
7865 3338 
7866 3572 
7867 3292 
7868 3390 
7869 3758 
7870 3759 
7871 3243 
7872 3245 
7873 3452 
7874 3277 
7875 3241 
7876 3419 
7877 3279 
7878 3357 
7879 3379 
7880 3316 
7881 3866 
7882 3337 
7883 3310 
7884 3724 
7885 3412 
7886 3677 
7887 3833 
7888 3315 
7889 3315 
7890 3561 
7891 3997 
7892 3258 
7893 3349 
7894 3289 
7895 3344 
7896 3649 
7897 3787 
7898 3489 
7899 3638 
7900 3265 
7901 3329 
7902 3920 
7903 3322 
7904 3299 
7905 3339 
7906 3309 
7907 3679 
7908 3404 
7909 3284 
7910 3362 
7911 3517 
7912 3307 
7913 3333 
7914 3349 
7915 3347 
7916 3301 
7917 3312 
7918 3503 
7919 3406 
7920 3335 
7921 3283 
7922 3297 
7923 3345 
7924 3286 
7925 3352 
7926 3411 
7927 4149 
7928 3299 
7929 3373 
7930 3380 
7931 3496 
7932 3388 
7933 3298 
7934 3365 
7935 3912 
7936 3628 
7937 3489 
7938 3413 
7939 3396 
7940 3353 
7941 3384 
7942 3428 
7943 3427 
7944 3950 
7945 3364 
7946 3382 
7947 3381 
7948 3354 
7949 3374 
7950 3464 
7951 3470 
7952 3410 
7953 3388 
7954 3360 
7955 3322 
7956 3552 
7957 3489 
7958 3394 
7959 3326 
7960 3800 
7961 3361 
7962 3335 
7963 3096 
7964 2443 
7965 2444 
7966 2441 
7967 2440 
7968 2416 
7969 2417 
7970 2417 
7971 2472 
7972 2481 
7973 2495 
7974 2469 
7975 2488 
7976 2566 
7977 3023 
7978 3027 
7979 3014 
7980 3027 
7981 3033 
7982 3013 
7983 3032 
7984 3032 
7985 3034 
7986 3032 
7987 3026 
7988 2381 
7989 2451 
7990 2465 
7991 2365 
7992 2364 
7993 2359 
7994 2366 
7995 2362 
7996 2364 
7997 2371 
7998 2370 
7999 2371 
8000 2367 
8001 2373 
8002 2376 
8003 2379 
8004 2385 
8005 2369 
8006 2362 
8007 2369 
8008 2441 
8009 2416 
8010 3083 
8011 2459 
8012 2472 
8013 2478 
8014 2456 
8015 2429 
8016 2453 
8017 2431 
8018 2435 
8019 2431 
8020 2433 
8021 2449 
8022 2522 
8023 2441 
8024 2458 
8025 2443 
8026 2439 
8027 2445 
8028 2503 
8029 3001 
8030 2347 
8031 2644 
8032 2675 
8033 2572 
8034 2655 
8035 2608 
8036 2608 
8037 2662 
8038 2662 
8039 2675 
8040 2665 
8041 2626 
8042 2600 
8043 2749 
8044 2776 
8045 2942 
8046 2599 
8047 2718 
8048 2589 
8049 2623 
8050 2614 
8051 2660 
8052 2643 
8053 2712 
8054 2618 
8055 2661 
8056 2715 
8057 2615 
8058 2898 
8059 2629 
8060 2726 
8061 2587 
8062 2751 
8063 2714 
8064 2605 
8065 2681 
8066 2616 
8067 2673 
8068 2656 
8069 2658 
8070 2623 
8071 2621 
8072 2803 
8073 2743 
8074 2765 
8075 2728 
8076 2732 
8077 2659 
8078 2737 
8079 2693 
8080 2499 
8081 2694 
8082 2813 
8083 2727 
8084 2670 
8085 2654 
8086 2720 
8087 2625 
8088 2667 
8089 2791 
8090 2723 
8091 2697 
8092 2645 
8093 2820 
8094 2745 
8095 2666 
8096 2739 
8097 2716 
8098 2641 
8099 2744 
8100 2721 
8101 2938 
8102 2880 
8103 2655 
8104 2772 
8105 2526 
8106 2854 
8107 2539 
8108 2647 
8109 2670 
8110 2566 
8111 2710 
8112 2554 
8113 2925 
8114 2673 
8115 2717 
8116 2796 
8117 2716 
8118 2732 
8119 2758 
8120 2701 
8121 2901 
8122 2651 
8123 2782 
8124 2682 
8125 2839 
8126 2792 
8127 2879 
8128 2639 
8129 2799 
8130 2947 
8131 2764 
8132 2760 
8133 2583 
8134 2675 
8135 2706 
8136 2786 
8137 2756 
8138 2569 
8139 2722 
8140 2811 
8141 2680 
8142 2922 
8143 2756 
8144 2862 
8145 2661 
8146 2715 
8147 2772 
8148 3165 
8149 2875 
8150 2634 
8151 2487 
8152 2513 
8153 2550 
8154 2537 
8155 2519 
8156 2539 
8157 2510 
8158 2536 
8159 2534 
8160 2523 
8161 2522 
8162 2523 
8163 2522 
8164 2453 
8165 2464 
8166 2347 
8167 3123 
8168 3107 
8169 3124 
8170 3120 
8171 3120 
8172 3123 
8173 3124 
8174 2369 
8175 2695 
8176 2625 
8177 2626 
8178 2485 
8179 2572 
8180 2539 
8181 2545 
8182 2512 
8183 2532 
8184 2535 
8185 2519 
8186 2478 
8187 2523 
8188 2555 
8189 2539 
8190 2483 
8191 2533 
8192 2528 
8193 2498 
8194 2509 
8195 2519 
8196 2538 
8197 2530 
8198 2612 
8199 2496 
8200 2546 
8201 2538 
8202 2430 
8203 2616 
8204 2566 
8205 2526 
8206 2551 
8207 2540 
8208 2521 
8209 2729 
8210 2445 
8211 2547 
8212 2469 
8213 2548 
8214 2568 
8215 2542 
8216 2547 
8217 2545 
8218 2554 
8219 2552 
8220 2576 
8221 2557 
8222 2566 
8223 2554 
8224 2569 
8225 2599 
8226 2480 
8227 2531 
8228 2646 
8229 2589 
8230 2749 
8231 2528 
8232 2676 
8233 2731 
8234 2571 
8235 2538 
8236 2661 
8237 2573 
8238 2533 
8239 2582 
8240 2576 
8241 3183 
8242 2777 
8243 2414 
8244 2405 
8245 2410 
8246 2419 
8247 2407 
8248 2407 
8249 2444 
8250 2436 
8251 2413 
8252 2418 
8253 2414 
8254 2435 
8255 2446 
8256 2430 
8257 2426 
8258 2441 
8259 2432 
8260 2445 
8261 2438 
8262 2431 
8263 2434 
8264 2435 
8265 2435 
8266 2455 
8267 2426 
8268 2442 
8269 2459 
8270 2440 
8271 2437 
8272 2455 
8273 2459 
8274 2455 
8275 2459 
8276 2483 
8277 2444 
8278 2449 
8279 2460 
8280 2453 
8281 2450 
8282 2454 
8283 2440 
8284 2452 
8285 2462 
8286 2768 
8287 2407 
8288 2602 
8289 2604 
8290 2402 
8291 2826 
8292 2800 
8293 2889 
8294 2822 
8295 2931 
8296 2932 
8297 2935 
8298 2945 
8299 2972 
8300 2557 
8301 2552 
8302 2419 
8303 2483 
8304 2478 
8305 2470 
8306 2473 
8307 2467 
8308 2482 
8309 2467 
8310 2479 
8311 2477 
8312 2478 
8313 2479 
8314 2478 
8315 2484 
8316 2536 
8317 2417 
8318 2565 
8319 2428 
8320 2401 
8321 3148 
8322 3151 
8323 3152 
8324 3190 
8325 3154 
8326 3157 
8327 3153 
8328 3154 
8329 2445 
8330 3039 
8331 3158 
8332 2497 
8333 2805 
8334 2804 
8335 2814 
8336 2806 
8337 2805 
8338 2801 
8339 2813 
8340 2807 
8341 2814 
8342 2816 
8343 2813 
8344 2817 
8345 2450 
8346 2306 
8347 2568 
8348 4175 
8349 4176 
8350 4179 
8351 2526 
8352 2517 
8353 2520 
8354 2522 
8355 2518 
8356 2526 
8357 2524 
8358 2531 
8359 2529 
8360 2542 
8361 2529 
8362 2532 
8363 2534 
8364 2534 
8365 2544 
8366 2534 
8367 2324 
8368 2322 
8369 2433 
8370 2334 
8371 2334 
8372 2335 
8373 2401 
8374 2761 
8375 2742 
8376 2849 
8377 2774 
8378 4637 
8379 4643 
8380 2247 
8381 2254 
8382 2249 
8383 2376 
8384 2250 
8385 2247 
8386 2248 
8387 2270 
8388 2325 
8389 2262 
8390 2240 
8391 2364 
8392 2226 
8393 2320 
8394 2421 
8395 2428 
8396 2192 
8397 2233 
8398 2173 
8399 2215 
8400 2233 
8401 2299 
8402 2119 
8403 2379 
8404 2467 
8405 2543 
8406 2495 
8407 2187 
8408 2060 
8409 2018 
8410 2224 
8411 2192 
8412 2203 
8413 2201 
8414 2200 
8415 2239 
8416 2167 
8417 2206 
8418 2205 
8419 2227 
8420 2211 
8421 2208 
8422 2208 
8423 2277 
8424 2176 
8425 2190 
8426 2184 
8427 2193 
8428 2175 
8429 2235 
8430 2534 
8431 2184 
8432 2218 
8433 2189 
8434 2182 
8435 2224 
8436 2191 
8437 2193 
8438 2233 
8439 2203 
8440 2097 
8441 2119 
8442 2099 
8443 2105 
8444 2097 
8445 2106 
8446 2102 
8447 2100 
8448 2128 
8449 2107 
8450 2101 
8451 2126 
8452 2028 
8453 2015 
8454 2110 
8455 2102 
8456 2104 
8457 2093 
8458 2117 
8459 1960 
8460 2071 
8461 2049 
8462 2062 
8463 2001 
8464 1998 
8465 1997 
8466 2112 
8467 2109 
8468 2110 
8469 2091 
8470 2145 
8471 2095 
8472 2116 
8473 2105 
8474 2113 
8475 2106 
8476 2105 
8477 3035 
8478 3037 
8479 3030 
8480 3032 
8481 3033 
8482 3046 
8483 3043 
8484 3081 
8485 3059 
8486 3036 
8487 3053 
8488 3050 
8489 3045 
8490 3058 
8491 3057 
8492 3054 
8493 3066 
8494 2049 
8495 2001 
8496 1981 
8497 2034 
8498 2022 
8499 2012 
8500 1951 
8501 2119 
8502 2124 
8503 2152 
8504 2130 
8505 2137 
8506 2136 
8507 2135 
8508 2142 
8509 2138 
8510 2151 
8511 2130 
8512 2144 
8513 2152 
8514 2134 
8515 2141 
8516 2150 
8517 2150 
8518 2148 
8519 2160 
8520 2156 
8521 2160 
8522 2151 
8523 2161 
8524 2156 
8525 2190 
8526 2162 
8527 2169 
8528 2168 
8529 2172 
8530 2190 
8531 2202 
8532 2205 
8533 2178 
8534 2175 
8535 2175 
8536 2177 
8537 2199 
8538 2183 
8539 2195 
8540 2199 
8541 2200 
8542 2197 
8543 2203 
8544 2232 
8545 2220 
8546 2226 
8547 2239 
8548 2249 
8549 2252 
8550 2254 
8551 2252 
8552 2253 
8553 2250 
8554 2287 
8555 2290 
8556 2261 
8557 2249 
8558 2264 
8559 2262 
8560 2297 
8561 2156 
8562 2168 
8563 2170 
8564 2200 
8565 2182 
8566 2191 
8567 2181 
8568 2192 
8569 2197 
8570 2196 
8571 2183 
8572 2203 
8573 2184 
8574 2203 
8575 2192 
8576 2198 
8577 2189 
8578 2192 
8579 2197 
8580 2211 
8581 2197 
8582 2188 
8583 2263 
8584 2206 
8585 2290 
8586 2291 
8587 2207 
8588 2218 
8589 2293 
8590 2237 
8591 2249 
8592 2264 
8593 2239 
8594 2239 
8595 2247 
8596 2247 
8597 2253 
8598 2263 
8599 2356 
8600 2291 
8601 2358 
8602 2304 
8603 2286 
8604 2288 
8605 2293 
8606 2291 
8607 2291 
8608 2291 
8609 2291 
8610 2294 
8611 2299 
8612 2296 
8613 2305 
8614 2339 
8615 2370 
8616 2302 
8617 2304 
8618 2301 
8619 2321 
8620 2306 
8621 2311 
8622 2316 
8623 2310 
8624 2340 
8625 2111 
8626 2106 
8627 1985 
8628 2009 
8629 2007 
8630 2042 
8631 1926 
8632 2072 
8633 2054 
8634 2149 
8635 2151 
8636 2153 
8637 2154 
8638 2151 
8639 2160 
8640 1917 
8641 1945 
8642 3307 
8643 3312 
8644 3311 
8645 3314 
8646 3315 
8647 3316 
8648 3309 
8649 3321 
8650 2031 
8651 2048 
8652 2035 
8653 2045 
8654 2038 
8655 2074 
8656 2066 
8657 2059 
8658 2075 
8659 2093 
8660 2097 
8661 2066 
8662 2076 
8663 2084 
8664 2084 
8665 2072 
8666 2136 
8667 2075 
8668 2085 
8669 2081 
8670 2163 
8671 2156 
8672 2135 
8673 2160 
8674 2506 
8675 2374 
8676 2270 
8677 2169 
8678 2154 
8679 2156 
8680 2168 
8681 2188 
8682 2225 
8683 2227 
8684 2153 
8685 2438 
8686 2193 
8687 2046 
8688 2227 
8689 2189 
8690 2281 
8691 2339 
8692 2382 
8693 2602 
8694 2224 
8695 2227 
8696 2256 
8697 2292 
8698 2244 
8699 2336 
8700 2220 
8701 2476 
8702 2285 
8703 2402 
8704 2275 
8705 2320 
8706 2411 
8707 2360 
8708 2101 
8709 2264 
8710 2337 
8711 2218 
8712 2249 
8713 2525 
8714 2343 
8715 2261 
8716 2367 
8717 2323 
8718 2488 
8719 2415 
8720 2258 
8721 2256 
8722 2461 
8723 2255 
8724 2400 
8725 2266 
8726 2419 
8727 2365 
8728 2270 
8729 2353 
8730 2429 
8731 2364 
8732 2410 
8733 2461 
8734 2210 
8735 2345 
8736 2321 
8737 2361 
8738 2382 
8739 2364 
8740 2332 
8741 2380 
8742 2375 
8743 2204 
8744 2324 
8745 2214 
8746 2365 
8747 2343 
8748 2381 
8749 2371 
8750 2503 
8751 2576 
8752 2408 
8753 2383 
8754 2545 
8755 2419 
8756 2297 
8757 2401 
8758 2402 
8759 2537 
8760 2354 
8761 2364 
8762 2355 
8763 2366 
8764 2395 
8765 2638 
8766 2413 
8767 2459 
8768 2571 
8769 2576 
8770 2365 
8771 2452 
8772 2395 
8773 2352 
8774 2463 
8775 2417 
8776 2237 
8777 2345 
8778 2449 
8779 2420 
8780 2630 
8781 2420 
8782 2444 
8783 2438 
8784 2402 
8785 2587 
8786 2396 
8787 2420 
8788 2647 
8789 2380 
8790 2363 
8791 2545 
8792 2492 
8793 2428 
8794 2442 
8795 2257 
8796 2365 
8797 2527 
8798 2490 
8799 2431 
8800 2369 
8801 2396 
8802 2398 
8803 2295 
8804 2339 
8805 2287 
8806 2291 
8807 2296 
8808 2283 
8809 2288 
8810 2384 
8811 2289 
8812 2307 
8813 2276 
8814 2264 
8815 2302 
8816 2265 
8817 2307 
8818 2267 
8819 2280 
8820 2268 
8821 2260 
8822 2270 
8823 2139 
8824 2067 
8825 2079 
8826 2212 
8827 2199 
8828 2310 
8829 2302 
8830 2319 
8831 2339 
8832 2297 
8833 2167 
8834 2321 
8835 2311 
8836 2319 
8837 2322 
8838 2315 
8839 2172 
8840 2033 
8841 1989 
8842 1986 
8843 1994 
8844 1994 
8845 1994 
8846 1992 
8847 2001 
8848 1992 
8849 2004 
8850 1994 
8851 2006 
8852 1996 
8853 2004 
8854 1994 
8855 2018 
8856 2000 
8857 2011 
8858 1997 
8859 1998 
8860 2005 
8861 2016 
8862 2000 
8863 2018 
8864 2006 
8865 2002 
8866 2014 
8867 2009 
8868 2011 
8869 2011 
8870 2023 
8871 2022 
8872 2017 
8873 2034 
8874 2017 
8875 2021 
8876 2017 
8877 2026 
8878 2022 
8879 2036 
8880 2027 
8881 2027 
8882 2024 
8883 2042 
8884 2032 
8885 2032 
8886 2039 
8887 2033 
8888 2033 
8889 2042 
8890 2042 
8891 2035 
8892 2037 
8893 2037 
8894 2082 
8895 2131 
8896 2106 
8897 2106 
8898 2128 
8899 2120 
8900 2136 
8901 2131 
8902 2117 
8903 2116 
8904 2108 
8905 2126 
8906 2119 
8907 2134 
8908 2129 
8909 2134 
8910 2140 
8911 2128 
8912 2114 
8913 2117 
8914 2131 
8915 2140 
8916 2157 
8917 2133 
8918 2131 
8919 2136 
8920 2131 
8921 2138 
8922 2126 
8923 2139 
8924 2145 
8925 2125 
8926 2134 
8927 2148 
8928 2159 
8929 2170 
8930 2149 
8931 2146 
8932 2162 
8933 2152 
8934 2145 
8935 2155 
8936 2151 
8937 2158 
8938 2161 
8939 2153 
8940 2142 
8941 2145 
8942 2167 
8943 2173 
8944 2155 
8945 2153 
8946 2150 
8947 2178 
8948 2170 
8949 2171 
8950 2169 
8951 2166 
8952 2167 
8953 2174 
8954 2156 
8955 2174 
8956 2172 
8957 2175 
8958 2145 
8959 2147 
8960 2172 
8961 2176 
8962 2179 
8963 2096 
8964 2103 
8965 2121 
8966 2118 
8967 2116 
8968 2271 
8969 2238 
8970 2250 
8971 2256 
8972 2245 
8973 2245 
8974 2253 
8975 2185 
8976 2248 
8977 2269 
8978 2249 
8979 2463 
8980 2263 
8981 2203 
8982 2262 
8983 2195 
8984 2179 
8985 2200 
8986 2196 
8987 2185 
8988 2232 
8989 2225 
8990 2275 
8991 2201 
8992 2199 
8993 2191 
8994 2191 
8995 2193 
8996 2209 
8997 2243 
8998 2223 
8999 2221 
9000 2274 
9001 2226 
9002 2200 
9003 2197 
9004 2396 
9005 2179 
9006 2175 
9007 2178 
9008 2108 
9009 2302 
9010 2322 
9011 2306 
9012 2328 
9013 2318 
9014 2334 
9015 2325 
9016 2315 
9017 2319 
9018 2313 
9019 2318 
9020 2320 
9021 2317 
9022 2326 
9023 2136 
9024 2133 
9025 2135 
9026 2140 
9027 2146 
9028 2142 
9029 2147 
9030 2152 
9031 2148 
9032 2151 
9033 2160 
9034 2158 
9035 2182 
9036 2162 
9037 2179 
9038 2120 
9039 2118 
9040 2108 
9041 2113 
9042 2112 
9043 2115 
9044 2118 
9045 2065 
9046 2045 
9047 2062 
9048 2060 
9049 1985 
9050 1974 
9051 1977 
9052 1962 
9053 1964 
9054 1967 
9055 1963 
9056 1977 
9057 1980 
9058 1984 
9059 1972 
9060 2095 
9061 2096 
9062 2091 
9063 2091 
9064 1870 
9065 1745 
9066 2395 
9067 1820 
9068 2058 
9069 2050 
9070 2053 
9071 2059 
9072 2087 
9073 2101 
9074 2048 
9075 2056 
9076 2061 
9077 2056 
9078 2061 
9079 2190 
9080 2182 
9081 2066 
9082 2066 
9083 2060 
9084 2183 
9085 2162 
9086 2090 
9087 1797 
9088 1791 
9089 1800 
9090 1776 
9091 1776 
9092 1689 
9093 1707 
9094 1713 
9095 1719 
9096 1729 
9097 1724 
9098 1729 
9099 1723 
9100 1734 
9101 1731 
9102 1735 
9103 2503 
9104 2493 
9105 2492 
9106 2492 
9107 2251 
9108 2541 
9109 2216 
9110 2245 
9111 2217 
9112 2205 
9113 2203 
9114 2279 
9115 2210 
9116 2340 
9117 2212 
9118 2278 
9119 2301 
9120 2208 
9121 2351 
9122 2236 
9123 2276 
9124 2250 
9125 2276 
9126 2255 
9127 2281 
9128 2263 
9129 2435 
9130 2489 
9131 2287 
9132 2274 
9133 2236 
9134 2278 
9135 2301 
9136 2282 
9137 2290 
9138 2284 
9139 2374 
9140 2275 
9141 2267 
9142 2262 
9143 2562 
9144 2269 
9145 2384 
9146 2449 
9147 2255 
9148 2235 
9149 2257 
9150 2243 
9151 2373 
9152 2279 
9153 2267 
9154 2257 
9155 2298 
9156 2263 
9157 2271 
9158 2272 
9159 2283 
9160 2273 
9161 2242 
9162 2278 
9163 2319 
9164 2246 
9165 2261 
9166 2322 
9167 2278 
9168 2383 
9169 2275 
9170 2320 
9171 2335 
9172 2255 
9173 2607 
9174 2256 
9175 2384 
9176 2313 
9177 2313 
9178 2287 
9179 2311 
9180 2298 
9181 2292 
9182 2292 
9183 2349 
9184 2387 
9185 2300 
9186 2562 
9187 2620 
9188 2301 
9189 2281 
9190 2322 
9191 2323 
9192 2308 
9193 2284 
9194 2290 
9195 2332 
9196 2309 
9197 2325 
9198 2346 
9199 2282 
9200 2285 
9201 2332 
9202 2287 
9203 2322 
9204 2298 
9205 2352 
9206 2351 
9207 2333 
9208 2340 
9209 2494 
9210 2323 
9211 2644 
9212 2293 
9213 2646 
9214 2298 
9215 2334 
9216 2345 
9217 2409 
9218 2332 
9219 2402 
9220 2365 
9221 2349 
9222 2499 
9223 2335 
9224 2329 
9225 2320 
9226 2119 
9227 2124 
9228 2110 
9229 2126 
9230 2115 
9231 2124 
9232 2146 
9233 2115 
9234 2120 
9235 2120 
9236 2119 
9237 2131 
9238 1806 
9239 1885 
9240 1880 
9241 1885 
9242 1898 
9243 1884 
9244 1908 
9245 1898 
9246 1892 
9247 1891 
9248 1890 
9249 1894 
9250 1891 
9251 1977 
9252 2545 
9253 2550 
9254 2538 
9255 2545 
9256 2534 
9257 2544 
9258 2542 
9259 2548 
9260 2541 
9261 2524 
9262 2562 
9263 2550 
9264 2545 
9265 2550 
9266 2566 
9267 2555 
9268 2535 
9269 2557 
9270 2537 
9271 2555 
9272 2564 
9273 2573 
9274 2509 
9275 2563 
9276 2546 
9277 2584 
9278 2553 
9279 2557 
9280 2566 
9281 2567 
9282 2569 
9283 2573 
9284 2535 
9285 2563 
9286 2537 
9287 2574 
9288 2566 
9289 2575 
9290 1744 
9291 1760 
9292 1765 
9293 1762 
9294 1768 
9295 2539 
9296 2209 
9297 2171 
9298 2349 
9299 2175 
9300 2203 
9301 2161 
9302 2181 
9303 2185 
9304 2311 
9305 2179 
9306 2189 
9307 2224 
9308 2166 
9309 2190 
9310 2160 
9311 2227 
9312 2165 
9313 2252 
9314 2162 
9315 2280 
9316 2167 
9317 2195 
9318 2168 
9319 2171 
9320 1796 
9321 2173 
9322 2285 
9323 1633 
9324 1645 
9325 1721 
9326 1753 
9327 1803 
9328 1726 
9329 1731 
9330 1729 
9331 1767 
9332 1732 
9333 1792 
9334 1744 
9335 1752 
9336 1755 
9337 1830 
9338 1738 
9339 1752 
9340 1750 
9341 1627 
9342 1623 
9343 1638 
9344 1633 
9345 1636 
9346 1621 
9347 1634 
9348 1631 
9349 1622 
9350 1628 
9351 1626 
9352 1743 
9353 1445 
9354 1454 
9355 1451 
9356 1455 
9357 1453 
9358 1458 
9359 1459 
9360 1460 
9361 1461 
9362 1912 
9363 1826 
9364 1836 
9365 1832 
9366 1826 
9367 1832 
9368 1831 
9369 1835 
9370 1836 
9371 1837 
9372 1870 
9373 1835 
9374 1891 
9375 1393 
9376 1397 
9377 1397 
9378 1340 
9379 1350 
9380 1356 
9381 1359 
9382 1337 
9383 1336 
9384 1340 
9385 1292 
9386 1356 
9387 1356 
9388 1355 
9389 1358 
9390 1361 
9391 1282 
9392 1278 
9393 1235 
9394 1235 
9395 1258 
9396 1278 
9397 1238 
9398 1412 
9399 1394 
9400 1438 
9401 1431 
9402 1415 
9403 1433 
9404 1571 
9405 1460 
9406 1538 
9407 1414 
9408 1584 
9409 1417 
9410 1415 
9411 1529 
9412 1440 
9413 1411 
9414 1526 
9415 1412 
9416 1450 
9417 1621 
9418 1448 
9419 1432 
9420 1435 
9421 1461 
9422 1607 
9423 1428 
9424 1416 
9425 1442 
9426 1425 
9427 1432 
9428 1481 
9429 1433 
9430 1495 
9431 1461 
9432 1435 
9433 1438 
9434 1475 
9435 1444 
9436 1640 
9437 1455 
9438 1441 
9439 1486 
9440 1582 
9441 1463 
9442 1537 
9443 1495 
9444 1451 
9445 1517 
9446 1461 
9447 1443 
9448 1611 
9449 1505 
9450 1457 
9451 1445 
9452 1470 
9453 1482 
9454 1446 
9455 1457 
9456 1523 
9457 1452 
9458 1472 
9459 1581 
9460 1619 
9461 1477 
9462 1478 
9463 1475 
9464 1480 
9465 1476 
9466 1495 
9467 1471 
9468 1475 
9469 1645 
9470 1593 
9471 1487 
9472 1488 
9473 1464 
9474 1250 
9475 1458 
9476 1466 
9477 1473 
9478 1454 
9479 1454 
9480 1533 
9481 1324 
9482 1385 
9483 1346 
9484 1318 
9485 1318 
9486 1317 
9487 1319 
9488 1335 
9489 1323 
9490 1337 
9491 1404 
9492 1399 
9493 1339 
9494 1403 
9495 1338 
9496 1326 
9497 1352 
9498 1301 
9499 1278 
9500 1291 
9501 1350 
9502 1301 
9503 1285 
9504 1301 
9505 1289 
9506 1095 
9507 1313 
9508 1215 
9509 1137 
9510 1199 
9511 1159 
9512 1118 
9513 1163 
9514 1116 
9515 1117 
9516 1122 
9517 1136 
9518 1144 
9519 1126 
9520 1237 
9521 1115 
9522 1123 
9523 1103 
9524 1183 
9525 898 
9526 1055 
9527 959 
9528 963 
9529 981 
9530 964 
9531 1062 
9532 975 
9533 987 
9534 986 
9535 1057 
9536 991 
9537 968 
9538 1052 
9539 974 
9540 982 
9541 972 
9542 976 
9543 983 
9544 983 
9545 970 
9546 840 
9547 841 
9548 845 
