0 131 
1 131 
2 131 
3 131 
4 131 
5 131 
6 131 
7 131 
8 131 
9 131 
10 131 
11 131 
12 131 
13 131 
14 131 
15 131 
16 131 
17 131 
18 131 
19 131 
20 131 
21 131 
22 131 
23 131 
24 131 
25 131 
26 131 
27 131 
28 131 
29 131 
30 131 
31 131 
32 131 
33 131 
34 131 
35 131 
36 131 
37 131 
38 131 
39 131 
40 131 
41 131 
42 131 
43 131 
44 131 
45 131 
46 131 
47 131 
48 131 
49 131 
50 132 
51 132 
52 132 
53 132 
54 132 
55 132 
56 132 
57 132 
58 132 
59 132 
60 132 
61 132 
62 132 
63 132 
64 132 
65 132 
66 132 
67 132 
68 132 
69 132 
70 132 
71 132 
72 132 
73 132 
74 132 
75 132 
76 132 
77 132 
78 132 
79 132 
80 132 
81 132 
82 132 
83 132 
84 132 
85 132 
86 132 
87 132 
88 132 
89 132 
90 132 
91 132 
92 132 
93 132 
94 132 
95 132 
96 132 
97 132 
98 132 
99 132 
100 133 
101 133 
102 133 
103 133 
104 133 
105 133 
106 133 
107 133 
108 133 
109 133 
110 133 
111 133 
112 133 
113 133 
